step,time_code,dt,phi_rhs_total_explicit_signed_mean,phi_rhs_total_explicit_abs_mean,phi_rhs_total_explicit_abs_max,phi_rhs_total_explicit_rms,phi_rhs_chem_signed_mean,phi_rhs_chem_abs_mean,phi_rhs_chem_abs_max,phi_rhs_chem_rms,phi_rhs_double_well_signed_mean,phi_rhs_double_well_abs_mean,phi_rhs_double_well_abs_max,phi_rhs_double_well_rms,phi_rhs_elastic_signed_mean,phi_rhs_elastic_abs_mean,phi_rhs_elastic_abs_max,phi_rhs_elastic_rms,phi_update_explicit_est_signed_mean,phi_update_explicit_est_abs_mean,phi_update_explicit_est_abs_max,phi_update_explicit_est_rms,dphi_actual_signed_mean,dphi_actual_abs_mean,dphi_actual_abs_max,dphi_actual_rms,eta_rhs_total_explicit_signed_mean,eta_rhs_total_explicit_abs_mean,eta_rhs_total_explicit_abs_max,eta_rhs_total_explicit_rms,eta_rhs_bulk_signed_mean,eta_rhs_bulk_abs_mean,eta_rhs_bulk_abs_max,eta_rhs_bulk_rms,eta_rhs_double_well_signed_mean,eta_rhs_double_well_abs_mean,eta_rhs_double_well_abs_max,eta_rhs_double_well_rms,eta_rhs_elastic_signed_mean,eta_rhs_elastic_abs_mean,eta_rhs_elastic_abs_max,eta_rhs_elastic_rms,eta_update_explicit_est_signed_mean,eta_update_explicit_est_abs_mean,eta_update_explicit_est_abs_max,eta_update_explicit_est_rms,deta_actual_signed_mean,deta_actual_abs_mean,deta_actual_abs_max,deta_actual_rms,phi_grad_denom_min,phi_grad_denom_max,phi_grad_denom_mean,phi_grad_denom_at_kmax,eta_grad_denom_min,eta_grad_denom_max,eta_grad_denom_mean,eta_grad_denom_at_kmax,eta_rhs_total_absmax_over_phi_rhs_total_absmax,eta_rhs_bulk_absmax_over_phi_chem_absmax,eta_rhs_dw_absmax_over_phi_dw_absmax,eta_rhs_elastic_absmax_over_phi_elastic_absmax,eta_Ldt_rhs_absmax_over_phi_Ldt_rhs_absmax,eta_Ldt_bulk_absmax_over_phi_Ldt_chem_absmax,eta_Ldt_dw_absmax_over_phi_Ldt_dw_absmax,eta_Ldt_elastic_absmax_over_phi_Ldt_elastic_absmax,deta_absmax_over_dphi_absmax,deta_absmean_over_dphi_absmean,deta_rms_over_dphi_rms,phi_damping_stronger_than_eta,phi_actual_over_explicit_est_absmax,eta_actual_over_explicit_est_absmax,corr_abs_deta_abs_dxB,corr_abs_deta_abs_dY,corr_abs_deta_local_xB,corr_abs_deta_eta_before,corr_abs_deta_phi_before,max_abs_deta_idx,max_abs_deta_i,max_abs_deta_j,max_abs_deta_k,max_abs_deta_value,max_abs_deta_eta_before,max_abs_deta_phi_before,max_abs_deta_xB_before,max_abs_deta_Y_before,max_abs_deta_eta_rhs_bulk,max_abs_deta_eta_rhs_dw,max_abs_deta_eta_rhs_total,max_abs_deta_dxB,max_abs_dphi_idx,max_abs_dphi_i,max_abs_dphi_j,max_abs_dphi_k,max_abs_dphi_value,max_abs_dphi_eta_before,max_abs_dphi_phi_before,max_abs_dphi_xB_before,max_abs_dphi_Y_before,max_abs_dphi_phi_rhs_chem,max_abs_dphi_phi_rhs_dw,max_abs_dphi_phi_rhs_total,max_abs_dphi_dxB,xB_min_after,xB_max_after,xBtot_rel_delta,eta_far_field_max,xB_clip_low_count,xB_clip_high_count,nan_inf_flag,S_phi_W,S_phi_grad,S_phi_total,S_eta_W,S_eta_grad,S_eta_total,gp_L_eta,L_phi
1,1.0000000000e-04,1.0000000000e-04,-8.2418518091e-02,1.2314003217e-01,1.1595745640e+00,2.3526897221e-01,-1.9916929124e-01,1.9916929124e-01,1.0873940040e+00,3.1256830626e-01,1.1675077315e-01,1.1713389072e-01,1.9245007717e-01,1.2685701286e-01,0.0000000000e+00,0.0000000000e+00,0.0000000000e+00,0.0000000000e+00,1.9746033365e-05,2.9502194895e-05,2.7781375545e-04,5.6366324977e-05,1.9746033365e-05,6.3825695833e-05,1.0863349643e-02,1.4531074500e-04,4.3636852668e-04,2.8429013090e-03,4.6235487880e-01,2.7176635459e-02,-6.6941731419e-04,6.6941731419e-04,1.7566225550e-01,8.9407074242e-03,1.1057858409e-03,2.8959271828e-03,3.7754949360e-01,2.7228285365e-02,0.0000000000e+00,0.0000000000e+00,0.0000000000e+00,0.0000000000e+00,-2.0725350114e-11,1.3502377318e-10,2.1959573512e-08,1.2907559789e-09,9.6700918679e-07,4.6587519520e-06,1.3236165333e-03,3.8988305591e-05,1.0000000000e+00,4.1921888688e+00,2.0679115636e+00,4.1921888688e+00,1.0000000000e+00,1.0000285724e+00,1.0000095586e+00,1.0000285724e+00,3.9872802763e-01,1.6154425613e-01,1.9618048439e+00,nan,7.9044226863e-05,3.2024688372e-05,3.8891007503e-04,nan,1.2184239455e-01,7.2991792588e-02,2.6830985961e-01,4.1920690912e+00,3.9102994109e+01,6.0275147539e+04,3.8040219684e-01,3.7690546472e-01,-3.3550782148e-01,6.1743633652e-01,4.0052366533e-01,474960,51,51,48,-1.3236165333e-03,9.9659254003e-01,5.9479506211e-01,2.8432350797e-02,-3.5313832907e+00,-2.3568046793e-05,-1.3233203847e-02,-1.3256771894e-02,1.3253632334e-05,447024,48,48,48,-1.0863349643e-02,9.9995087118e-01,6.6075636877e-01,2.9675461610e-02,-3.4873100953e+00,-9.4097373541e-01,-1.4413891213e-01,-1.0851126475e+00,1.5429337764e-06,2.0903588893e-02,2.9999996156e-02,7.5039507494e-05,2.5284987311e-04,0,0,0,2.3958248488e-04,3.1921888688e+00,3.1924284512e+00,9.3176175816e-08,2.8572417675e-05,2.8665593851e-05,4.7495061735e-04,2.3958248488e+00
2,2.0000000000e-04,1.0000000000e-04,-8.2494071222e-02,1.2321816502e-01,1.1600987727e+00,2.3549395126e-01,-1.9926467899e-01,1.9926467899e-01,1.0875432937e+00,3.1277629353e-01,1.1677060777e-01,1.1715133341e-01,1.9245007975e-01,1.2686765611e-01,0.0000000000e+00,0.0000000000e+00,0.0000000000e+00,0.0000000000e+00,1.9764134571e-05,2.9520914158e-05,2.7793934668e-04,5.6420226019e-05,1.9764134571e-05,3.1904824927e-05,3.7677623069e-03,6.6284703595e-05,4.4080452562e-04,2.8452609025e-03,4.6222051596e-01,2.7159421638e-02,-6.6877703937e-04,6.6877703937e-04,1.7528297689e-01,8.9300233152e-03,1.1095815650e-03,2.8986136568e-03,3.7754883986e-01,2.7217136444e-02,0.0000000000e+00,0.0000000000e+00,0.0000000000e+00,0.0000000000e+00,-2.0936038158e-11,1.3513584222e-10,2.1953191941e-08,1.2899384074e-09,3.6015266474e-07,6.5000001065e-07,1.5082624272e-04,4.1984155271e-06,1.0000000000e+00,4.1921888688e+00,2.0679115636e+00,4.1921888688e+00,1.0000000000e+00,1.0000285724e+00,1.0000095586e+00,1.0000285724e+00,3.9843203598e-01,1.6117333250e-01,1.9618014207e+00,nan,7.8985549196e-05,3.1951156116e-05,3.8890939641e-04,nan,4.0030721270e-02,2.0373094418e-02,6.3339131041e-02,4.1920690912e+00,1.3556059449e+01,6.8703559430e+03,2.6317701597e-01,2.5800217207e-01,-2.7591514294e-01,2.7001630385e-01,3.0353127430e-01,447024,48,48,48,-1.5082624272e-04,9.9944316415e-01,6.4989301912e-01,2.9677004544e-02,-3.4872565129e+00,-4.7513789097e-07,-2.1811612884e-03,-2.1816364263e-03,8.9968247940e-05,447024,48,48,48,-3.7677623069e-03,9.9944316415e-01,6.4989301912e-01,2.9677004544e-02,-3.4872565129e+00,-9.6954165296e-01,-1.3642188336e-01,-1.1059635363e+00,8.9968247940e-05,2.1086408469e-02,2.9999991413e-02,5.2290900057e-05,2.8190003775e-04,0,0,0,2.3958248488e-04,3.1921888688e+00,3.1924284512e+00,9.3176175816e-08,2.8572417675e-05,2.8665593851e-05,4.7495061735e-04,2.3958248488e+00
3,3.0000000000e-04,1.0000000000e-04,-8.2614248953e-02,1.2334195131e-01,1.1607003496e+00,2.3589514835e-01,-1.9940451516e-01,1.9940451516e-01,1.0874095970e+00,3.1313182303e-01,1.1679026620e-01,1.1716860131e-01,1.9245008790e-01,1.2687843823e-01,0.0000000000e+00,0.0000000000e+00,0.0000000000e+00,0.0000000000e+00,1.9792927051e-05,2.9550571184e-05,2.7808347396e-04,5.6516345813e-05,1.9792927051e-05,2.8574395469e-05,3.2114121059e-03,6.1321907307e-05,4.4335296853e-04,2.8456682238e-03,4.6195129878e-01,2.7147323735e-02,-6.6764344246e-04,6.6764344246e-04,1.7470477429e-01,8.9085716306e-03,1.1109964110e-03,2.8999944409e-03,3.7754887572e-01,2.7216686825e-02,0.0000000000e+00,0.0000000000e+00,0.0000000000e+00,0.0000000000e+00,-2.1057076611e-11,1.3515518797e-10,2.1940405454e-08,1.2893638168e-09,1.9331470443e-07,3.1277199290e-07,8.7994697921e-05,2.0714839209e-06,1.0000000000e+00,4.1921888688e+00,2.0679115636e+00,4.1921888688e+00,1.0000000000e+00,1.0000285724e+00,1.0000095586e+00,1.0000285724e+00,3.9799358976e-01,1.6066142397e-01,1.9618015239e+00,nan,7.8898631196e-05,3.1849674877e-05,3.8890941688e-04,nan,2.7400624716e-02,1.0945883116e-02,3.3780487461e-02,4.1920690912e+00,1.1548374523e+01,4.0106231448e+03,2.2113928140e-01,2.1626640330e-01,-2.3974936062e-01,2.1387512979e-01,2.6454341888e-01,447024,48,48,48,-8.7994697921e-05,9.9929233791e-01,6.4612525682e-01,2.9766972792e-02,-3.4841367936e+00,-7.8424461927e-07,-2.7707019408e-03,-2.7714861855e-03,1.1228511938e-04,447024,48,48,48,-3.2114121059e-03,9.9929233791e-01,6.4612525682e-01,2.9766972792e-02,-3.4841367936e+00,-9.8035640164e-01,-1.3364464563e-01,-1.1140010473e+00,1.1228511938e-04,2.1328369693e-02,2.9999982428e-02,3.1409851885e-05,3.0090314549e-04,0,0,0,2.3958248488e-04,3.1921888688e+00,3.1924284512e+00,9.3176175816e-08,2.8572417675e-05,2.8665593851e-05,4.7495061735e-04,2.3958248488e+00
4,4.0000000000e-04,1.0000000000e-04,-8.2776496561e-02,1.2350991203e-01,1.1613596282e+00,2.3646477063e-01,-1.9958633462e-01,1.9958633462e-01,1.0869395950e+00,3.1362817147e-01,1.1680983806e-01,1.1718578267e-01,1.9245008961e-01,1.2688925647e-01,0.0000000000e+00,0.0000000000e+00,0.0000000000e+00,0.0000000000e+00,1.9831798736e-05,2.9590811633e-05,2.7824142557e-04,5.6652817335e-05,1.9831798736e-05,2.6158544136e-05,2.7987916506e-03,5.7687690145e-05,4.4528360418e-04,2.8451485940e-03,4.6160513091e-01,2.7132082579e-02,-6.6647233525e-04,6.6647233525e-04,1.7409207180e-01,8.8857383909e-03,1.1117559394e-03,2.9007504126e-03,3.7754888870e-01,2.7216510932e-02,0.0000000000e+00,0.0000000000e+00,0.0000000000e+00,0.0000000000e+00,-2.1148772270e-11,1.3513050812e-10,2.1923964190e-08,1.2886399371e-09,1.1502912446e-07,1.7769568324e-07,5.0064523230e-05,1.1245447938e-06,1.0000000000e+00,4.1921888688e+00,2.0679115636e+00,4.1921888688e+00,1.0000000000e+00,1.0000285724e+00,1.0000095586e+00,1.0000285724e+00,3.9746958625e-01,1.6016720028e-01,1.9618015739e+00,nan,7.8794752236e-05,3.1751699498e-05,3.8890942680e-04,nan,1.7887906454e-02,6.7930264896e-03,1.9493669983e-02,4.1920690912e+00,1.0058860376e+01,2.2835524998e+03,2.1320229596e-01,2.0844714803e-01,-2.3403111148e-01,2.1060148020e-01,2.6214316309e-01,447024,48,48,48,-5.0064523230e-05,9.9920434321e-01,6.4291384471e-01,2.9879257911e-02,-3.4802560158e+00,-1.0107020783e-06,-3.1144033614e-03,-3.1154140634e-03,1.2674730687e-04,447024,48,48,48,-2.7987916506e-03,9.9920434321e-01,6.4291384471e-01,2.9879257911e-02,-3.4802560158e+00,-9.8994294035e-01,-1.3123814545e-01,-1.1211810858e+00,1.2674730687e-04,2.1601737665e-02,3.0006005218e-02,1.2891322946e-05,3.1203426454e-04,0,0,0,2.3958248488e-04,3.1921888688e+00,3.1924284512e+00,9.3176175816e-08,2.8572417675e-05,2.8665593851e-05,4.7495061735e-04,2.3958248488e+00
5,5.0000000000e-04,1.0000000000e-04,-8.2978268212e-02,1.2371965132e-01,1.1619794572e+00,2.3719338601e-01,-1.9980759073e-01,1.9980759073e-01,1.0861363796e+00,3.1425747929e-01,1.1682932252e-01,1.1720287546e-01,1.9245008599e-01,1.2690009228e-01,0.0000000000e+00,0.0000000000e+00,0.0000000000e+00,0.0000000000e+00,1.9880139690e-05,2.9641061491e-05,2.7838992575e-04,5.6827380817e-05,1.9880139690e-05,2.5363577270e-05,2.4848405534e-03,5.4953635253e-05,4.4662121919e-04,2.8441317290e-03,4.6123445421e-01,2.7115009519e-02,-6.6558679116e-04,6.6558679116e-04,1.7356280935e-01,8.8666817874e-03,1.1122080104e-03,2.9012064425e-03,3.7754889457e-01,2.7216421534e-02,0.0000000000e+00,0.0000000000e+00,0.0000000000e+00,0.0000000000e+00,-2.1212302378e-11,1.3508221205e-10,2.1906358877e-08,1.2878290510e-09,7.2700091836e-08,1.0915797400e-07,2.9979783056e-05,6.3977797642e-07,1.0000000000e+00,4.1921888688e+00,2.0679115636e+00,4.1921888688e+00,1.0000000000e+00,1.0000285724e+00,1.0000095586e+00,1.0000285724e+00,3.9693856146e-01,1.5979835738e-01,1.9618016413e+00,nan,7.8689481374e-05,3.1678579729e-05,3.8890944015e-04,nan,1.2065073155e-02,4.3037294320e-03,1.1642141115e-02,4.1920690912e+00,8.9257560117e+00,1.3685424960e+03,2.1644428247e-01,2.1190641006e-01,-2.4033498867e-01,2.2109310453e-01,2.7288982205e-01,447024,48,48,48,-2.9979783056e-05,9.9915427868e-01,6.4011505306e-01,3.0006005218e-02,-3.4758923450e+00,-1.1619088774e-06,-3.3098708185e-03,-3.3110327274e-03,1.3477442591e-04,447024,48,48,48,-2.4848405534e-03,9.9915427868e-01,6.4011505306e-01,3.0006005218e-02,-3.4758923450e+00,-9.9860630851e-01,-1.2911197034e-01,-1.1277182788e+00,1.3477442591e-04,2.1866605697e-02,3.0140779644e-02,-3.1527033995e-06,3.1867588330e-04,0,0,0,2.3958248488e-04,3.1921888688e+00,3.1924284512e+00,9.3176175816e-08,2.8572417675e-05,2.8665593851e-05,4.7495061735e-04,2.3958248488e+00
6,6.0000000000e-04,1.0000000000e-04,-8.3216803760e-02,1.2396857738e-01,1.1626823100e+00,2.3807000393e-01,-2.0006552016e-01,2.0006552016e-01,1.0853205851e+00,3.1501069894e-01,1.1684871640e-01,1.1721987646e-01,1.9245007032e-01,1.2691093052e-01,0.0000000000e+00,0.0000000000e+00,0.0000000000e+00,0.0000000000e+00,1.9937288629e-05,2.9700699816e-05,2.7855831696e-04,5.7037403118e-05,1.9937288629e-05,2.4896596026e-05,2.2401497013e-03,5.2837749251e-05,4.4725690954e-04,2.8428419124e-03,4.6088543217e-01,2.7097336836e-02,-6.6523695451e-04,6.6523695451e-04,1.7319593175e-01,8.8552713692e-03,1.1124938641e-03,2.9014979374e-03,3.7754889770e-01,2.7216373083e-02,0.0000000000e+00,0.0000000000e+00,0.0000000000e+00,0.0000000000e+00,-2.1242494530e-11,1.3502095213e-10,2.1889782054e-08,1.2869896859e-09,4.8153767872e-08,7.1054955071e-08,1.9099096940e-05,3.7863612501e-07,1.0000000000e+00,4.1921888688e+00,2.0679115636e+00,4.1921888688e+00,1.0000000000e+00,1.0000285724e+00,1.0000095586e+00,1.0000285724e+00,3.9639842131e-01,1.5958043562e-01,1.9618018173e+00,nan,7.8582403472e-05,3.1635378711e-05,3.8890947504e-04,nan,8.5258127744e-03,2.8540028121e-03,7.1660154033e-03,4.1920690912e+00,8.0419415429e+00,8.7251197352e+02,2.2402895557e-01,2.1971056615e-01,-2.5260696465e-01,2.3583083564e-01,2.8969968108e-01,447024,48,48,48,-1.9099096940e-05,9.9912429890e-01,6.3763021251e-01,3.0140779644e-02,-3.4712718670e+00,-1.2656293750e-06,-3.4268930091e-03,-3.4281586384e-03,1.3745392443e-04,447024,48,48,48,-2.2401497013e-03,9.9912429890e-01,6.3763021251e-01,3.0140779644e-02,-3.4712718670e+00,-1.0065334053e+00,-1.2720220506e-01,-1.1337356104e+00,1.3745392443e-04,2.2060949920e-02,3.0278233569e-02,-1.6702844358e-05,3.2253394715e-04,0,0,0,2.3958248488e-04,3.1921888688e+00,3.1924284512e+00,9.3176175816e-08,2.8572417675e-05,2.8665593851e-05,4.7495061735e-04,2.3958248488e+00
7,7.0000000000e-04,1.0000000000e-04,-8.3489193906e-02,1.2425390454e-01,1.1633409248e+00,2.3908222692e-01,-2.0035720935e-01,2.0035720935e-01,1.0842629816e+00,3.1587771743e-01,1.1686801544e-01,1.1723678203e-01,1.9245004284e-01,1.2692175879e-01,0.0000000000e+00,0.0000000000e+00,0.0000000000e+00,0.0000000000e+00,2.0002548537e-05,2.9769059206e-05,2.7871610953e-04,5.7279914017e-05,2.0002548537e-05,2.4662568735e-05,2.0451491876e-03,5.1154581031e-05,4.4707327914e-04,2.8414248220e-03,4.6059735329e-01,2.7080142026e-02,-6.6561006652e-04,6.6561006652e-04,1.7305073928e-01,8.8543434575e-03,1.1126833457e-03,2.9016926919e-03,3.7754889963e-01,2.7216346240e-02,0.0000000000e+00,0.0000000000e+00,0.0000000000e+00,0.0000000000e+00,-2.1233772993e-11,1.3495364734e-10,2.1876099730e-08,1.2861730173e-09,3.3467957951e-08,4.8803909754e-08,1.3093888807e-05,2.3533447742e-07,1.0000000000e+00,4.1921888688e+00,2.0679115636e+00,4.1921888688e+00,1.0000000000e+00,1.0000285724e+00,1.0000095586e+00,1.0000285724e+00,3.9592637332e-01,1.5960218345e-01,1.9618021075e+00,nan,7.8488824224e-05,3.1639690019e-05,3.8890953257e-04,nan,6.4024125411e-03,1.9788656355e-03,4.6004575286e-03,4.1920690912e+00,7.3377501968e+00,5.9854768303e+02,2.3399886820e-01,2.2985356490e-01,-2.6829707401e-01,2.4879537994e-01,3.0858874011e-01,447024,48,48,48,-1.3093888807e-05,9.9910519980e-01,6.3539006280e-01,3.0278233569e-02,-3.4665801013e+00,-1.3408063428e-06,-3.5014328398e-03,-3.5027736462e-03,1.3616407468e-04,447024,48,48,48,-2.0451491876e-03,9.9910519980e-01,6.3539006280e-01,3.0278233569e-02,-3.4665801013e+00,-1.0138397336e+00,-1.2546300935e-01,-1.1393027429e+00,1.3616407468e-04,2.2201764697e-02,3.0414397643e-02,-2.7813907695e-05,3.2481913581e-04,0,0,0,2.3958248488e-04,3.1921888688e+00,3.1924284512e+00,9.3176175816e-08,2.8572417675e-05,2.8665593851e-05,4.7495061735e-04,2.3958248488e+00
8,8.0000000000e-04,1.0000000000e-04,-8.3792431978e-02,1.2457277845e-01,1.1639404949e+00,2.4021649722e-01,-2.0067964706e-01,2.0067964706e-01,1.0831492986e+00,3.1684754447e-01,1.1688721508e-01,1.1725358885e-01,1.9245000382e-01,1.2693256696e-01,0.0000000000e+00,0.0000000000e+00,0.0000000000e+00,0.0000000000e+00,2.0075199068e-05,2.9845455810e-05,2.7885975603e-04,5.7551665314e-05,2.0075199068e-05,2.4586078672e-05,1.8865615351e-03,4.9781170246e-05,4.4597775596e-04,2.8399866626e-03,4.6040246447e-01,2.7064357440e-02,-6.6683742006e-04,6.6683742006e-04,1.7318264616e-01,8.8658552647e-03,1.1128151760e-03,2.9018288093e-03,3.7754890107e-01,2.7216331370e-02,0.0000000000e+00,0.0000000000e+00,0.0000000000e+00,0.0000000000e+00,-2.1181741052e-11,1.3488534187e-10,2.1866843473e-08,1.2854233274e-09,2.4398592087e-08,3.5206726227e-08,9.8164902552e-06,1.5619746961e-07,1.0000000000e+00,4.1921888688e+00,2.0679115636e+00,4.1921888688e+00,1.0000000000e+00,1.0000285724e+00,1.0000095586e+00,1.0000285724e+00,3.9555498453e-01,1.5988806565e-01,1.9618025127e+00,nan,7.8415199755e-05,3.1696363582e-05,3.8890961291e-04,nan,5.2033766577e-03,1.4319781002e-03,3.1376817547e-03,4.1920690912e+00,6.7652699765e+00,4.4892122941e+02,2.3940729324e-01,2.3555659350e-01,-2.7979391770e-01,2.5304636679e-01,3.2136718170e-01,447024,48,48,48,-9.8164902552e-06,9.9909210592e-01,6.3334491362e-01,3.0414397643e-02,-3.4619526632e+00,-1.3990315606e-06,-3.5525306306e-03,-3.5539296621e-03,1.3259191131e-04,447024,48,48,48,-1.8865615351e-03,9.9909210592e-01,6.3334491362e-01,3.0414397643e-02,-3.4619526632e+00,-1.0206044981e+00,-1.2386096146e-01,-1.1444654596e+00,1.3259191131e-04,2.2349853535e-02,3.0546989555e-02,-3.6595853338e-05,3.2637348854e-04,0,0,0,2.3958248488e-04,3.1921888688e+00,3.1924284512e+00,9.3176175816e-08,2.8572417675e-05,2.8665593851e-05,4.7495061735e-04,2.3958248488e+00
9,9.0000000000e-04,1.0000000000e-04,-8.4123454482e-02,1.2492224990e-01,1.1644376763e+00,2.4145840180e-01,-2.0102976542e-01,2.0102976542e-01,1.0828149947e+00,3.1790854042e-01,1.1690631093e-01,1.1727030909e-01,1.9244998448e-01,1.2694334686e-01,0.0000000000e+00,0.0000000000e+00,0.0000000000e+00,0.0000000000e+00,2.0154506262e-05,2.9929183049e-05,2.7897887199e-04,5.7849203898e-05,2.0154506262e-05,2.4567022696e-05,1.7552029227e-03,4.8634734784e-05,4.4391139484e-04,2.8386083757e-03,4.6032603284e-01,2.7050780846e-02,-6.6900001297e-04,6.6900001297e-04,1.7362177316e-01,8.8909970730e-03,1.1129114078e-03,2.9019282990e-03,3.7754890229e-01,2.7216323214e-02,0.0000000000e+00,0.0000000000e+00,0.0000000000e+00,0.0000000000e+00,-2.1083599103e-11,1.3481988005e-10,2.1863213348e-08,1.2847785063e-09,1.8364299335e-08,2.6273788870e-08,8.0478481168e-06,1.0971437066e-07,1.0000000000e+00,4.1921888688e+00,2.0679115636e+00,4.1921888688e+00,1.0000000000e+00,1.0000285724e+00,1.0000095586e+00,1.0000285724e+00,3.9532045569e-01,1.6034297088e-01,1.9618027162e+00,nan,7.8368706533e-05,3.1786544432e-05,3.8890965324e-04,nan,4.5851382840e-03,1.0694738713e-03,2.2558850408e-03,4.1920690912e+00,6.2915263444e+00,3.6809996723e+02,2.4528965078e-01,2.4197783153e-01,-2.8793501708e-01,2.5127317151e-01,3.2832021354e-01,447024,48,48,48,-8.0478481168e-06,9.9908228943e-01,6.3145835208e-01,3.0546989555e-02,-3.4574658665e+00,-1.4474456641e-06,-3.5908360090e-03,-3.5922834546e-03,1.2856852152e-04,447024,48,48,48,-1.7552029227e-03,9.9908228943e-01,6.3145835208e-01,3.0546989555e-02,-3.4574658665e+00,-1.0268939434e+00,-1.2237126808e-01,-1.1492652114e+00,1.2856852152e-04,2.2529887847e-02,3.0675558076e-02,-4.3194978069e-05,3.2744548078e-04,0,0,0,2.3958248488e-04,3.1921888688e+00,3.1924284512e+00,9.3176175816e-08,2.8572417675e-05,2.8665593851e-05,4.7495061735e-04,2.3958248488e+00
10,1.0000000000e-03,1.0000000000e-04,-8.4479172500e-02,1.2529932379e-01,1.1651100874e+00,2.4279299935e-01,-2.0140447157e-01,2.0140447157e-01,1.0826092726e+00,3.1904865865e-01,1.1692529907e-01,1.1728693037e-01,1.9245002751e-01,1.2695409210e-01,0.0000000000e+00,0.0000000000e+00,0.0000000000e+00,0.0000000000e+00,2.0239730069e-05,3.0019523349e-05,2.7913996990e-04,5.8168950098e-05,2.0239730068e-05,2.4557602206e-05,1.6445984915e-03,4.7658413016e-05,4.4085041828e-04,2.8373520984e-03,4.6038653840e-01,2.7040082032e-02,-6.7213353829e-04,6.7213353829e-04,1.7436759352e-01,8.9302822952e-03,1.1129839566e-03,2.9020032451e-03,3.7754890338e-01,2.7216318862e-02,0.0000000000e+00,0.0000000000e+00,0.0000000000e+00,0.0000000000e+00,-2.0938217832e-11,1.3476021308e-10,2.1866087064e-08,1.2842703655e-09,1.4128170924e-08,2.0082732200e-08,6.8628416227e-06,7.9264953805e-08,1.0000000000e+00,4.1921888688e+00,2.0679115636e+00,4.1921888688e+00,1.0000000000e+00,1.0000285724e+00,1.0000095586e+00,1.0000285724e+00,3.9514423864e-01,1.6106234995e-01,1.9618022833e+00,nan,7.8333773095e-05,3.1929154829e-05,3.8890956742e-04,nan,4.1729587242e-03,8.1778066244e-04,1.6631891158e-03,4.1920690912e+00,5.8916624949e+00,3.1385778364e+02,2.5496485494e-01,2.5232998705e-01,-2.9866721264e-01,2.5094825333e-01,3.3683938727e-01,447024,48,48,48,-6.8628416227e-06,9.9907424158e-01,6.2970314916e-01,3.0675558076e-02,-3.4531331936e+00,-1.4902836330e-06,-3.6222381983e-03,-3.6237284819e-03,1.2588282976e-04,447024,48,48,48,-1.6445984915e-03,9.9907424158e-01,6.2970314916e-01,3.0675558076e-02,-3.4531331936e+00,-1.0327751699e+00,-1.2097521315e-01,-1.1537503830e+00,1.2588282976e-04,2.2755703679e-02,3.0801440906e-02,-4.7776791315e-05,3.2815816433e-04,0,0,0,2.3958248488e-04,3.1921888688e+00,3.1924284512e+00,9.3176175816e-08,2.8572417675e-05,2.8665593851e-05,4.7495061735e-04,2.3958248488e+00
11,1.1000000000e-03,1.0000000000e-04,-8.4856495978e-02,1.2570100370e-01,1.1661855915e+00,2.4420513847e-01,-2.0180067217e-01,2.0180067217e-01,1.0826493856e+00,3.2025568096e-01,1.1694417619e-01,1.1730344764e-01,1.9245005925e-01,1.2696479788e-01,0.0000000000e+00,0.0000000000e+00,0.0000000000e+00,0.0000000000e+00,2.0330130165e-05,3.0115758818e-05,2.7939764184e-04,5.8507273895e-05,2.0330130165e-05,2.4552061113e-05,1.5500966358e-03,4.6812261981e-05,4.3680679820e-04,2.8362662599e-03,4.6059594614e-01,2.7032804159e-02,-6.7623308282e-04,6.7623308282e-04,1.7541636423e-01,8.9836260116e-03,1.1130398810e-03,2.9020609078e-03,3.7754890437e-01,2.7216316846e-02,0.0000000000e+00,0.0000000000e+00,0.0000000000e+00,0.0000000000e+00,-2.0746165847e-11,1.3470864111e-10,2.1876032897e-08,1.2839247024e-09,1.1093858485e-08,1.5717362805e-08,5.9722309845e-06,5.9289007949e-08,1.0000000000e+00,4.1921888688e+00,2.0679115636e+00,4.1921888688e+00,1.0000000000e+00,1.0000285724e+00,1.0000095586e+00,1.0000285724e+00,3.9495938684e-01,1.6202509008e-01,1.9618019648e+00,nan,7.8297127897e-05,3.2120009355e-05,3.8890950428e-04,nan,3.8528120418e-03,6.4016469871e-04,1.2665273037e-03,4.1920690912e+00,5.5479946990e+00,2.7300338286e+02,2.6753193501e-01,2.6544457122e-01,-3.0969085421e-01,2.5279317087e-01,3.4589959986e-01,447024,48,48,48,-5.9722309845e-06,9.9906737874e-01,6.2805855067e-01,3.0801440906e-02,-3.4489080307e+00,-1.5292267398e-06,-3.6490153657e-03,-3.6505445924e-03,1.2613168644e-04,447024,48,48,48,-1.5500966358e-03,9.9906737874e-01,6.2805855067e-01,3.0801440906e-02,-3.4489080307e+00,-1.0383229811e+00,-1.1965842587e-01,-1.1579814070e+00,1.2613168644e-04,2.3022473564e-02,3.0927572592e-02,-5.0511800334e-05,3.2864653074e-04,0,0,0,2.3958248488e-04,3.1921888688e+00,3.1924284512e+00,9.3176175816e-08,2.8572417675e-05,2.8665593851e-05,4.7495061735e-04,2.3958248488e+00
12,1.2000000000e-03,1.0000000000e-04,-8.5252352938e-02,1.2612435600e-01,1.1679559929e+00,2.4567974443e-01,-2.0221529269e-01,2.0221529269e-01,1.0830785277e+00,3.2151743025e-01,1.1696293976e-01,1.1731986108e-01,1.9245007977e-01,1.2697546081e-01,0.0000000000e+00,0.0000000000e+00,0.0000000000e+00,0.0000000000e+00,2.0424970559e-05,3.0217186615e-05,2.7982179901e-04,5.8860563655e-05,2.0424970559e-05,2.4551801619e-05,1.4682936911e-03,4.6067583934e-05,4.3182611502e-04,2.8353879651e-03,4.6096003548e-01,2.7029360585e-02,-6.8125778304e-04,6.8125778304e-04,1.7674973327e-01,9.0504185376e-03,1.1130838981e-03,2.9021062529e-03,3.7754890527e-01,2.7216316368e-02,0.0000000000e+00,0.0000000000e+00,0.0000000000e+00,0.0000000000e+00,-2.0509607992e-11,1.3466692645e-10,2.1893325342e-08,1.2837611496e-09,8.8295748605e-09,1.2602563623e-08,5.2744812132e-06,4.6853878040e-08,1.0000000000e+00,4.1921888688e+00,2.0679115636e+00,4.1921888688e+00,1.0000000000e+00,1.0000285724e+00,1.0000095586e+00,1.0000285724e+00,3.9467243482e-01,1.6319198355e-01,1.9618017603e+00,nan,7.8240242254e-05,3.2351335437e-05,3.8890946374e-04,nan,3.5922521804e-03,5.1330504453e-04,1.0170682731e-03,4.1920690912e+00,5.2472455551e+00,2.4091731753e+02,2.7770885933e-01,2.7610801202e-01,-3.1361138995e-01,2.6239393042e-01,3.5047602592e-01,447024,48,48,48,-5.2744812132e-06,9.9906140650e-01,6.2650845403e-01,3.0927572592e-02,-3.4446912507e+00,-1.5651770686e-06,-3.6723166826e-03,-3.6738818597e-03,1.3062210650e-04,447024,48,48,48,-1.4682936911e-03,9.9906140650e-01,6.2650845403e-01,3.0927572592e-02,-3.4446912507e+00,-1.0436219608e+00,-1.1840969202e-01,-1.1620316528e+00,1.3062210650e-04,2.3337046834e-02,3.1058194699e-02,-5.1565073579e-05,3.2908108178e-04,0,0,0,2.3958248488e-04,3.1921888688e+00,3.1924284512e+00,9.3176175816e-08,2.8572417675e-05,2.8665593851e-05,4.7495061735e-04,2.3958248488e+00
13,1.3000000000e-03,1.0000000000e-04,-8.5663705573e-02,1.2656639076e-01,1.1698946115e+00,2.4720206157e-01,-2.0264529357e-01,2.0264529357e-01,1.0840323845e+00,3.2282195137e-01,1.1698158800e-01,1.1733617182e-01,1.9245008910e-01,1.2698607882e-01,0.0000000000e+00,0.0000000000e+00,0.0000000000e+00,0.0000000000e+00,2.0523523445e-05,3.0323090401e-05,2.8028625807e-04,5.9225284178e-05,2.0523523445e-05,2.4556749560e-05,1.3966545520e-03,4.5403327462e-05,4.2598342197e-04,2.8347434406e-03,4.6147878377e-01,2.7030029003e-02,-6.8713560728e-04,6.8713560728e-04,1.7834416622e-01,9.1295981990e-03,1.1131190293e-03,2.9021426134e-03,3.7754890610e-01,2.7216316857e-02,0.0000000000e+00,0.0000000000e+00,0.0000000000e+00,0.0000000000e+00,-2.0232108925e-11,1.3463631471e-10,2.1917963325e-08,1.2837928962e-09,7.1687281920e-09,1.0347853219e-08,4.5332283988e-06,3.8505689632e-08,1.0000000000e+00,4.1921888688e+00,2.0679115636e+00,4.1921888688e+00,1.0000000000e+00,1.0000285724e+00,1.0000095586e+00,1.0000285724e+00,3.9446184233e-01,1.6451922357e-01,1.9618016695e+00,nan,7.8198494196e-05,3.2614448772e-05,3.8890944574e-04,nan,3.2457764106e-03,4.2138529750e-04,8.4808078581e-04,4.1920690912e+00,4.9829576436e+00,2.0682708204e+02,2.8383830560e-01,2.8288723797e-01,-3.1342474040e-01,2.7874536392e-01,3.5173174394e-01,447024,48,48,48,-4.5332283988e-06,9.9905613202e-01,6.2504016034e-01,3.1058194699e-02,-3.4403418606e+00,-1.5987901167e-06,-3.6928949551e-03,-3.6944937452e-03,1.4032376684e-04,447024,48,48,48,-1.3966545520e-03,9.9905613202e-01,6.2504016034e-01,3.1058194699e-02,-3.4403418606e+00,-1.0487654909e+00,-1.1722012786e-01,-1.1659856188e+00,1.4032376684e-04,2.3703291224e-02,3.1198518466e-02,-5.1089850270e-05,3.2949472548e-04,0,0,0,2.3958248488e-04,3.1921888688e+00,3.1924284512e+00,9.3176175816e-08,2.8572417675e-05,2.8665593851e-05,4.7495061735e-04,2.3958248488e+00
14,1.4000000000e-03,1.0000000000e-04,-8.6087564880e-02,1.2702407204e-01,1.1720955967e+00,2.4875784640e-01,-2.0308768486e-01,2.0308768486e-01,1.0856331462e+00,3.2415765696e-01,1.1700011998e-01,1.1735238189e-01,1.9245008733e-01,1.2699665095e-01,0.0000000000e+00,0.0000000000e+00,0.0000000000e+00,0.0000000000e+00,2.0625072711e-05,3.0432742818e-05,2.8081357557e-04,5.9598022975e-05,2.0625072711e-05,2.4564851853e-05,1.3332587660e-03,4.4803773950e-05,4.1937926935e-04,2.8343485173e-03,4.6214681158e-01,2.7034945249e-02,-6.9376837200e-04,6.9376837200e-04,1.8016824904e-01,9.2197259701e-03,1.1131476414e-03,2.9021723429e-03,3.7754890688e-01,2.7216317941e-02,0.0000000000e+00,0.0000000000e+00,0.0000000000e+00,0.0000000000e+00,-1.9918444288e-11,1.3461755781e-10,2.1949691346e-08,1.2840263936e-09,5.9079769759e-09,8.6377943255e-09,3.9358805594e-06,3.2471738588e-08,1.0000000000e+00,4.1921888688e+00,2.0679115636e+00,4.1921888688e+00,1.0000000000e+00,1.0000285724e+00,1.0000095586e+00,1.0000285724e+00,3.9429105688e-01,1.6595684248e-01,1.9618016916e+00,nan,7.8164637524e-05,3.2899443726e-05,3.8890945012e-04,nan,2.9520755158e-03,3.5163225805e-04,7.2475454019e-04,4.1920690912e+00,4.7478429890e+00,1.7931370866e+02,2.9004200199e-01,2.8984322606e-01,-3.1153528233e-01,2.9507347774e-01,3.5089328732e-01,447024,48,48,48,-3.9358805594e-06,9.9905159880e-01,6.2364350579e-01,3.1198518466e-02,-3.4356891129e+00,-1.6299721646e-06,-3.7105807236e-03,-3.7122106958e-03,1.5586226111e-04,447024,48,48,48,-1.3332587660e-03,9.9905159880e-01,6.2364350579e-01,3.1198518466e-02,-3.4356891129e+00,-1.0538529666e+00,-1.1608259832e-01,-1.1699355649e+00,1.5586226111e-04,2.4120671727e-02,3.1354380727e-02,-4.9224932349e-05,3.2985613658e-04,0,0,0,2.3958248488e-04,3.1921888688e+00,3.1924284512e+00,9.3176175816e-08,2.8572417675e-05,2.8665593851e-05,4.7495061735e-04,2.3958248488e+00
15,1.5000000000e-03,1.0000000000e-04,-8.6521005059e-02,1.2749442084e-01,1.1746532240e+00,2.5033351348e-01,-2.0353954060e-01,2.0353954060e-01,1.0879847488e+00,3.2551343967e-01,1.1701853554e-01,1.1736849406e-01,1.9245007435e-01,1.2700717725e-01,0.0000000000e+00,0.0000000000e+00,0.0000000000e+00,0.0000000000e+00,2.0728917387e-05,3.0545430155e-05,2.8142633829e-04,5.9975525209e-05,2.0728917387e-05,2.4574490463e-05,1.2766281256e-03,4.4257021270e-05,4.1213426475e-04,2.8342087764e-03,4.6295390178e-01,2.7044098606e-02,-7.0103703991e-04,7.0103703991e-04,1.8218432712e-01,9.3190634436e-03,1.1131713047e-03,2.9021970138e-03,3.7754890762e-01,2.7216319406e-02,0.0000000000e+00,0.0000000000e+00,0.0000000000e+00,0.0000000000e+00,-1.9574342347e-11,1.3461092080e-10,2.1988024146e-08,1.2844611328e-09,4.8952327330e-09,7.2619390651e-09,3.4266002654e-06,2.7675804813e-08,1.0000000000e+00,4.1921888688e+00,2.0679115636e+00,4.1921888688e+00,1.0000000000e+00,1.0000285724e+00,1.0000095586e+00,1.0000285724e+00,3.9411963660e-01,1.6745117735e-01,1.9618018278e+00,nan,7.8130655004e-05,3.3195682105e-05,3.8890947711e-04,nan,2.6841021255e-03,2.9550720801e-04,6.2534269182e-04,4.1920690912e+00,4.5362780661e+00,1.5583938978e+02,3.0051817087e-01,3.0115591350e-01,-3.1004383429e-01,3.1377358216e-01,3.5128356938e-01,447024,48,48,48,-3.4266002654e-06,9.9904766291e-01,6.2231024702e-01,3.1354380727e-02,-3.4305448336e+00,-1.6592882444e-06,-3.7259356299e-03,-3.7275949182e-03,1.7754101810e-04,447024,48,48,48,-1.2766281256e-03,9.9904766291e-01,6.2231024702e-01,3.1354380727e-02,-3.4305448336e+00,-1.0589860953e+00,-1.1499130139e-01,-1.1739773966e+00,1.7754101810e-04,2.4593948753e-02,3.1531921745e-02,-4.6095094242e-05,3.3016658643e-04,0,0,0,2.3958248488e-04,3.1921888688e+00,3.1924284512e+00,9.3176175816e-08,2.8572417675e-05,2.8665593851e-05,4.7495061735e-04,2.3958248488e+00
16,1.6000000000e-03,1.0000000000e-04,-8.6961178353e-02,1.2797446073e-01,1.1782063534e+00,2.5191624011e-01,-2.0399801368e-01,2.0399801368e-01,1.0915225412e+00,3.2687875511e-01,1.1703683532e-01,1.1738452540e-01,1.9245006788e-01,1.2701765864e-01,0.0000000000e+00,0.0000000000e+00,0.0000000000e+00,0.0000000000e+00,2.0834375198e-05,3.0660439304e-05,2.8227760586e-04,6.0354718788e-05,2.0834375198e-05,2.4584185819e-05,1.2256079375e-03,4.3753965244e-05,4.0438371995e-04,2.8345236970e-03,4.6388560470e-01,2.7057331322e-02,-7.0880727249e-04,7.0880727249e-04,1.8435023121e-01,9.4256541817e-03,1.1131909924e-03,2.9022176079e-03,3.7754890834e-01,2.7216321132e-02,0.0000000000e+00,0.0000000000e+00,0.0000000000e+00,0.0000000000e+00,-1.9206229744e-11,1.3462587798e-10,2.2032275433e-08,1.2850896215e-09,4.0758045202e-09,6.1483872373e-09,2.9845325983e-06,2.3772120573e-08,1.0000000000e+00,4.1921888688e+00,2.0679115636e+00,4.1921888688e+00,1.0000000000e+00,1.0000285724e+00,1.0000095586e+00,1.0000285724e+00,3.9372186659e-01,1.6889273859e-01,1.9618018975e+00,nan,7.8051800696e-05,3.3481458587e-05,3.8890949094e-04,nan,2.4351446388e-03,2.5009521497e-04,5.4331351321e-04,4.1920690912e+00,4.3418532398e+00,1.3546184130e+02,3.1514618866e-01,3.1657607609e-01,-3.0762791437e-01,3.3430056582e-01,3.5312054101e-01,447024,48,48,48,-2.9845325983e-06,9.9904423631e-01,6.2103361890e-01,3.1531921745e-02,-3.4247151009e+00,-1.6871401561e-06,-3.7393034033e-03,-3.7409905435e-03,2.0538025140e-04,447024,48,48,48,-1.2256079375e-03,9.9904423631e-01,6.2103361890e-01,3.1531921745e-02,-3.4247151009e+00,-1.0642648867e+00,-1.1394146668e-01,-1.1782063534e+00,2.0538025140e-04,2.5106272089e-02,3.1737301996e-02,-4.1813610685e-05,3.3043435930e-04,0,0,0,2.3958248488e-04,3.1921888688e+00,3.1924284512e+00,9.3176175816e-08,2.8572417675e-05,2.8665593851e-05,4.7495061735e-04,2.3958248488e+00
17,1.7000000000e-03,1.0000000000e-04,-8.7405330408e-02,1.2846125732e-01,1.1827128683e+00,2.5349403794e-01,-2.0446035110e-01,2.0446035110e-01,1.1018591199e+00,3.2824368106e-01,1.1705502069e-01,1.1740047794e-01,1.9245008441e-01,1.2702809674e-01,0.0000000000e+00,0.0000000000e+00,0.0000000000e+00,0.0000000000e+00,2.0940786251e-05,3.0777067240e-05,2.8335728789e-04,6.0732731512e-05,2.0940786251e-05,2.4594114865e-05,1.1792841195e-03,4.3287595583e-05,3.9627232486e-04,2.8352242595e-03,4.6492393528e-01,2.7074344116e-02,-7.1693513833e-04,7.1693513833e-04,1.8662107319e-01,9.5374072801e-03,1.1132074632e-03,2.9022348952e-03,3.7754890903e-01,2.7216323068e-02,0.0000000000e+00,0.0000000000e+00,0.0000000000e+00,0.0000000000e+00,-1.8820978533e-11,1.3465915124e-10,2.2081591008e-08,1.2858976452e-09,3.4022243082e-09,5.2317812575e-09,2.6010594655e-06,2.0575281298e-08,1.0000000000e+00,4.1921888688e+00,2.0679115636e+00,4.1921888688e+00,1.0000000000e+00,1.0000285724e+00,1.0000095586e+00,1.0000285724e+00,3.9309958295e-01,1.6936926855e-01,1.9618017326e+00,nan,7.7928438590e-05,3.3575926345e-05,3.8890945825e-04,nan,2.2056257880e-03,2.1272492570e-04,4.7531587330e-04,4.1920690912e+00,4.1618273817e+00,1.1779311846e+02,3.3353506049e-01,3.3556636404e-01,-3.0171723213e-01,3.5658790744e-01,3.5568000617e-01,447024,48,48,48,-2.6010594655e-06,9.9904125178e-01,6.1980801096e-01,3.1737301996e-02,-3.4180107245e+00,-1.7138688606e-06,-3.7509463678e-03,-3.7526602367e-03,2.3916313482e-04,447024,48,48,48,-1.1792841195e-03,9.9904125178e-01,6.1980801096e-01,3.1737301996e-02,-3.4180107245e+00,-1.0697837347e+00,-1.1292913362e-01,-1.1827128683e+00,2.3916313482e-04,2.5648827451e-02,3.1976465131e-02,-3.6485879026e-05,3.3070212362e-04,0,0,0,2.3958248488e-04,3.1921888688e+00,3.1924284512e+00,9.3176175816e-08,2.8572417675e-05,2.8665593851e-05,4.7495061735e-04,2.3958248488e+00
18,1.8000000000e-03,1.0000000000e-04,-8.7850815783e-02,1.2895191302e-01,1.1875788338e+00,2.5505579945e-01,-2.0492390950e-01,2.0492390950e-01,1.1140613209e+00,3.2959895857e-01,1.1707309372e-01,1.1741634374e-01,1.9245008973e-01,1.2703849379e-01,0.0000000000e+00,0.0000000000e+00,0.0000000000e+00,0.0000000000e+00,2.1047516744e-05,3.0894619753e-05,2.8452308800e-04,6.1106902215e-05,2.1047516744e-05,2.4605452776e-05,1.1369245235e-03,4.2852493852e-05,3.8794847467e-04,2.8361472704e-03,4.6604816013e-01,2.7094708909e-02,-7.2527281446e-04,7.2527281446e-04,1.8895586625e-01,9.6521808879e-03,1.1132212891e-03,2.9022494583e-03,3.7754890971e-01,2.7216325173e-02,0.0000000000e+00,0.0000000000e+00,0.0000000000e+00,0.0000000000e+00,-1.8425636755e-11,1.3470298970e-10,2.2134986137e-08,1.2868648723e-09,2.8576796694e-09,4.4851482557e-09,2.2682017533e-06,1.7957873557e-08,1.0000000000e+00,4.1921888688e+00,2.0679115636e+00,4.1921888688e+00,1.0000000000e+00,1.0000285724e+00,1.0000095586e+00,1.0000285724e+00,3.9243555615e-01,1.6960993323e-01,1.9618016819e+00,nan,7.7796801279e-05,3.3623635940e-05,3.8890944820e-04,nan,1.9950328332e-03,1.8228269549e-04,4.1906250822e-04,4.1920690912e+00,3.9958954877e+00,1.0247134285e+02,3.5521811563e-01,3.5752275961e-01,-2.9033850027e-01,3.7964791637e-01,3.5906367470e-01,447024,48,48,48,-2.2682017533e-06,9.9903865072e-01,6.1862872684e-01,3.1976465131e-02,-3.4102562323e+00,-1.7397858381e-06,-3.7610931940e-03,-3.7628329799e-03,2.7848178022e-04,447024,48,48,48,-1.1369245235e-03,9.9903865072e-01,6.1862872684e-01,3.1976465131e-02,-3.4102562323e+00,-1.0756278484e+00,-1.1195098539e-01,-1.1875788338e+00,2.7848178022e-04,2.6247517072e-02,3.2254946911e-02,-3.0213283498e-05,3.3096118177e-04,0,0,0,2.3958248488e-04,3.1921888688e+00,3.1924284512e+00,9.3176175816e-08,2.8572417675e-05,2.8665593851e-05,4.7495061735e-04,2.3958248488e+00
19,1.9000000000e-03,1.0000000000e-04,-8.8295112867e-02,1.2944360226e-01,1.1928744159e+00,2.5659132614e-01,-2.0538616995e-01,2.0538616995e-01,1.1262812290e+00,3.3093601948e-01,1.1709105708e-01,1.1743212755e-01,1.9245008373e-01,1.2704885248e-01,0.0000000000e+00,0.0000000000e+00,0.0000000000e+00,0.0000000000e+00,2.1153962544e-05,3.1012419882e-05,2.8579181672e-04,6.1474787516e-05,2.1153962544e-05,2.4618436456e-05,1.0979368400e-03,4.2444464172e-05,3.7955890872e-04,2.8372584820e-03,4.6723565967e-01,2.7117889139e-02,-7.3367406782e-04,7.3367406782e-04,1.9130912514e-01,9.7678625462e-03,1.1132329765e-03,2.9022618133e-03,3.7754891037e-01,2.7216327417e-02,0.0000000000e+00,0.0000000000e+00,0.0000000000e+00,0.0000000000e+00,-1.8027173802e-11,1.3475576676e-10,2.2191386501e-08,1.2879658188e-09,2.4216869502e-09,3.8848095956e-09,1.9789127036e-06,1.5841581462e-08,1.0000000000e+00,4.1921888688e+00,2.0679115636e+00,4.1921888688e+00,1.0000000000e+00,1.0000285724e+00,1.0000095586e+00,1.0000285724e+00,3.9168889318e-01,1.6985910821e-01,1.9618017465e+00,nan,7.7648782095e-05,3.3673032628e-05,3.8890946101e-04,nan,1.8023921154e-03,1.5780082552e-04,3.7323080338e-04,4.1920690912e+00,3.8417364520e+00,8.9174811295e+01,3.7999078840e-01,3.8215560814e-01,-2.7060415403e-01,4.0413600326e-01,3.6333644071e-01,447024,48,48,48,-1.9789127036e-06,9.9903638252e-01,6.1749180232e-01,3.2254946911e-02,-3.4012972536e+00,-1.7651665447e-06,-3.7699414006e-03,-3.7717065672e-03,3.2277799127e-04,447024,48,48,48,-1.0979368400e-03,9.9903638252e-01,6.1749180232e-01,3.2254946911e-02,-3.4012972536e+00,-1.0818701930e+00,-1.1100422287e-01,-1.1928744159e+00,3.2277799127e-04,2.6894110667e-02,3.2577724903e-02,-2.3096659504e-05,3.3118351092e-04,0,0,0,2.3958248488e-04,3.1921888688e+00,3.1924284512e+00,9.3176175816e-08,2.8572417675e-05,2.8665593851e-05,4.7495061735e-04,2.3958248488e+00
20,2.0000000000e-03,1.0000000000e-04,-8.8735837332e-02,1.2993358950e-01,1.1986554926e+00,2.5809134327e-01,-2.0584475140e-01,2.0584475140e-01,1.1383678918e+00,3.3224700364e-01,1.1710891406e-01,1.1744783434e-01,1.9245006626e-01,1.2705917585e-01,0.0000000000e+00,0.0000000000e+00,0.0000000000e+00,0.0000000000e+00,2.1259552406e-05,3.1129812242e-05,2.8717686144e-04,6.1834165347e-05,2.1259552406e-05,2.4634423570e-05,1.0618379821e-03,4.2060253623e-05,3.7124367043e-04,2.8385191755e-03,4.6846283784e-01,2.7143266715e-02,-7.4199928102e-04,7.4199928102e-04,1.9363456988e-01,9.8824428066e-03,1.1132429515e-03,2.9022723939e-03,3.7754891103e-01,2.7216329774e-02,0.0000000000e+00,0.0000000000e+00,0.0000000000e+00,0.0000000000e+00,-1.7632241046e-11,1.3481564348e-10,2.2249671404e-08,1.2891711283e-09,2.0624171841e-09,3.3897488629e-09,1.7273660212e-06,1.4102482747e-08,1.0000000000e+00,4.1921888688e+00,2.0679115636e+00,4.1921888688e+00,1.0000000000e+00,1.0000285724e+00,1.0000095586e+00,1.0000285724e+00,3.9082358586e-01,1.7009841130e-01,1.9618019280e+00,nan,7.7477242742e-05,3.3720472303e-05,3.8890949698e-04,nan,1.6267698560e-03,1.3760211816e-04,3.3529238491e-04,4.1920690912e+00,3.6975053518e+00,7.7635574470e+01,4.0795259476e-01,4.0947812536e-01,-2.3847003308e-01,4.3008334297e-01,3.6912593978e-01,447024,48,48,48,-1.7273660212e-06,9.9903440361e-01,6.1639386548e-01,3.2577724903e-02,-3.3910063162e+00,-1.7902464262e-06,-3.7776609981e-03,-3.7794512445e-03,3.7137597617e-04,447024,48,48,48,-1.0618379821e-03,9.9903440361e-01,6.1639386548e-01,3.2577724903e-02,-3.3910063162e+00,-1.0885690256e+00,-1.1008646705e-01,-1.1986554926e+00,3.7137597617e-04,2.7559842396e-02,3.2949100879e-02,-1.5238957757e-05,3.3137466388e-04,0,0,0,2.3958248488e-04,3.1921888688e+00,3.1924284512e+00,9.3176175816e-08,2.8572417675e-05,2.8665593851e-05,4.7495061735e-04,2.3958248488e+00
21,2.1000000000e-03,1.0000000000e-04,-8.9170753288e-02,1.3041920762e-01,1.2049617505e+00,2.5954750415e-01,-2.0629742171e-01,2.0629742171e-01,1.1501868249e+00,3.3352476766e-01,1.1712666842e-01,1.1746346919e-01,1.9245007571e-01,1.2706946719e-01,0.0000000000e+00,0.0000000000e+00,0.0000000000e+00,0.0000000000e+00,2.1363750652e-05,3.1246157838e-05,2.8868773037e-04,6.2183035989e-05,2.1363750652e-05,2.4652549763e-05,1.0282314979e-03,4.1697335285e-05,3.6313172277e-04,2.8398881475e-03,4.6970603971e-01,2.7170173753e-02,-7.5011979225e-04,7.5011979225e-04,1.9589309072e-01,9.9940786011e-03,1.1132515150e-03,2.9022815081e-03,3.7754891167e-01,2.7216332220e-02,0.0000000000e+00,0.0000000000e+00,0.0000000000e+00,0.0000000000e+00,-1.7246963591e-11,1.3488066289e-10,2.2308717353e-08,1.2904490797e-09,1.7606814845e-09,2.9754884449e-09,1.5089531878e-06,1.2649298685e-08,1.0000000000e+00,4.1921888688e+00,2.0679115636e+00,4.1921888688e+00,1.0000000000e+00,1.0000285724e+00,1.0000095586e+00,1.0000285724e+00,3.8980991681e-01,1.7031414939e-01,1.9618018350e+00,nan,7.7276292016e-05,3.3763240429e-05,3.8890947855e-04,nan,1.4675228204e-03,1.2069698565e-04,3.0335988136e-04,4.1920690912e+00,3.5617429829e+00,6.7639621048e+01,4.3851010491e-01,4.3886007263e-01,-1.8960305025e-01,4.5772159436e-01,3.7615123992e-01,447024,48,48,48,-1.5089531878e-06,9.9903267624e-01,6.1533202749e-01,3.2949100879e-02,-3.3792871570e+00,-1.8152196006e-06,-3.7843992546e-03,-3.7862144742e-03,4.2350614000e-04,447024,48,48,48,-1.0282314979e-03,9.9903267624e-01,6.1533202749e-01,3.2949100879e-02,-3.3792871570e+00,-1.0957660680e+00,-1.0919568245e-01,-1.2049617505e+00,4.2350614000e-04,2.8227772876e-02,3.3372607019e-02,-6.7469249078e-06,3.3153890637e-04,0,0,0,2.3958248488e-04,3.1921888688e+00,3.1924284512e+00,9.3176175816e-08,2.8572417675e-05,2.8665593851e-05,4.7495061735e-04,2.3958248488e+00
22,2.2000000000e-03,1.0000000000e-04,-8.9597781523e-02,1.3089788829e-01,1.2118154403e+00,2.6095238552e-01,-2.0674210588e-01,2.0674210588e-01,1.1616515036e+00,3.3476288623e-01,1.1714432435e-01,1.1747903723e-01,1.9245008796e-01,1.2707972995e-01,0.0000000000e+00,0.0000000000e+00,0.0000000000e+00,0.0000000000e+00,2.1466059137e-05,3.1360841342e-05,2.9032975442e-04,6.2519620958e-05,2.1466059137e-05,2.4672569490e-05,9.9679064562e-04,4.1353736721e-05,3.5533753520e-04,2.8413238206e-03,4.7094242915e-01,2.7197926421e-02,-7.5792135786e-04,7.5792135786e-04,1.9805054937e-01,1.0101143406e-02,1.1132588931e-03,2.9022893884e-03,3.7754891231e-01,2.7216334741e-02,0.0000000000e+00,0.0000000000e+00,0.0000000000e+00,0.0000000000e+00,-1.6876778171e-11,1.3494885027e-10,2.2367439746e-08,1.2917671944e-09,1.5064433124e-09,2.6273445727e-09,1.3191378750e-06,1.1428767480e-08,1.0000000000e+00,4.1921888688e+00,2.0679115636e+00,4.1921888688e+00,1.0000000000e+00,1.0000285724e+00,1.0000095586e+00,1.0000285724e+00,3.8862553939e-01,1.7049050318e-01,1.9618017134e+00,nan,7.7041499901e-05,3.3798200973e-05,3.8890945444e-04,nan,1.3233850868e-03,1.0648848608e-04,2.7636601639e-04,4.1920690912e+00,3.4333051658e+00,5.8975809928e+01,4.7020687704e-01,4.6883845006e-01,-1.2141333229e-01,4.8652758393e-01,3.8396962817e-01,447024,48,48,48,-1.3191378750e-06,9.9903116729e-01,6.1430379600e-01,3.3372607019e-02,-3.3660776842e+00,-1.8402391852e-06,-3.7902854504e-03,-3.7921256896e-03,4.7832070962e-04,447024,48,48,48,-9.9679064562e-04,9.9903116729e-01,6.1430379600e-01,3.3372607019e-02,-3.3660776842e+00,-1.1034853243e+00,-1.0833011604e-01,-1.2118154403e+00,4.7832070962e-04,2.8278199475e-02,3.3850927728e-02,2.2682217178e-06,3.3168050700e-04,0,0,0,2.3958248488e-04,3.1921888688e+00,3.1924284512e+00,9.3176175816e-08,2.8572417675e-05,2.8665593851e-05,4.7495061735e-04,2.3958248488e+00
23,2.3000000000e-03,1.0000000000e-04,-9.0015004478e-02,1.3136719071e-01,1.2192207805e+00,2.6229947443e-01,-2.0717689091e-01,2.0717689091e-01,1.1725767836e+00,3.3595564617e-01,1.1716188643e-01,1.1749454356e-01,1.9245008855e-01,1.2708996765e-01,0.0000000000e+00,0.0000000000e+00,0.0000000000e+00,0.0000000000e+00,2.1566018450e-05,3.1473277982e-05,2.9210394421e-04,6.2842359868e-05,2.1566018450e-05,2.4694184086e-05,9.6724549274e-04,4.1027902674e-05,3.4795866116e-04,2.8427862094e-03,4.7215077649e-01,2.7225857930e-02,-7.6530661080e-04,7.6530661080e-04,2.0007853216e-01,1.0202262245e-02,1.1132652720e-03,2.9022962276e-03,3.7754891294e-01,2.7216337327e-02,0.0000000000e+00,0.0000000000e+00,0.0000000000e+00,0.0000000000e+00,-1.6526318093e-11,1.3501830651e-10,2.2424830277e-08,1.2930938032e-09,1.2915410467e-09,2.3338192395e-09,1.1539757527e-06,1.0405839526e-08,1.0000000000e+00,4.1921888688e+00,2.0679115636e+00,4.1921888688e+00,1.0000000000e+00,1.0000285724e+00,1.0000095586e+00,1.0000285724e+00,3.8725617546e-01,1.7063149719e-01,1.9618017107e+00,nan,7.6770035880e-05,3.3826151762e-05,3.8890945390e-04,nan,1.1930536367e-03,9.4508862142e-05,2.5362835651e-04,4.1920690912e+00,3.3113058277e+00,5.1459731844e+01,5.0161603402e-01,4.9802157440e-01,-3.4983584639e-02,5.1528747759e-01,3.9220267209e-01,447024,48,48,48,-1.1539757527e-06,9.9902984815e-01,6.1330700535e-01,3.3850927728e-02,-3.3513517354e+00,-1.8654148489e-06,-3.7954311618e-03,-3.7972965767e-03,5.3490322239e-04,447024,48,48,48,-9.6724549274e-04,9.9902984815e-01,6.1330700535e-01,3.3850927728e-02,-3.3513517354e+00,-1.1117325329e+00,-1.0748824761e-01,-1.2192207805e+00,5.3490322239e-04,2.8293639572e-02,3.4385830951e-02,1.1691063769e-05,3.3180296731e-04,0,0,0,2.3958248488e-04,3.1921888688e+00,3.1924284512e+00,9.3176175816e-08,2.8572417675e-05,2.8665593851e-05,4.7495061735e-04,2.3958248488e+00
24,2.4000000000e-03,1.0000000000e-04,-9.0420667970e-02,1.3182474059e-01,1.2271639869e+00,2.6358314687e-01,-2.0760002748e-01,2.0760002748e-01,1.1828903527e+00,3.3709803338e-01,1.1717935951e-01,1.1750999319e-01,1.9245007733e-01,1.2710018379e-01,0.0000000000e+00,0.0000000000e+00,0.0000000000e+00,0.0000000000e+00,2.1663208317e-05,3.1582898919e-05,2.9400699734e-04,6.3149905301e-05,2.1663208317e-05,2.4716874039e-05,9.3937288888e-04,4.0718584556e-05,3.4107433599e-04,2.8442385807e-03,4.7331211050e-01,2.7253347877e-02,-7.7219647015e-04,7.7219647015e-04,2.0195472827e-01,1.0296330840e-02,1.1132708061e-03,2.9023021855e-03,3.7754891357e-01,2.7216339969e-02,0.0000000000e+00,0.0000000000e+00,0.0000000000e+00,0.0000000000e+00,-1.6199346644e-11,1.3508728698e-10,2.2479987908e-08,1.2943994399e-09,1.1091921972e-09,2.0844647924e-09,1.0101339157e-06,9.5507876787e-09,1.0000000000e+00,4.1921888688e+00,2.0679115636e+00,4.1921888688e+00,1.0000000000e+00,1.0000285724e+00,1.0000095586e+00,1.0000285724e+00,3.8569589359e-01,1.7072988026e-01,1.9618018283e+00,nan,7.6460724105e-05,3.3845655316e-05,3.8890947722e-04,nan,1.0753279424e-03,8.4333673792e-05,2.3455598427e-04,4.1920690912e+00,3.1950698364e+00,4.4934806898e+01,5.3056551705e-01,5.2432288477e-01,6.3376326774e-02,5.4361465439e-01,4.0019514458e-01,447024,48,48,48,-1.0101339157e-06,9.9902869418e-01,6.1233975986e-01,3.4385830951e-02,-3.3351197549e+00,-1.8908136499e-06,-3.7999325730e-03,-3.8018233867e-03,5.9227476543e-04,447024,48,48,48,-9.3937288888e-04,9.9902869418e-01,6.1233975986e-01,3.4385830951e-02,-3.3351197549e+00,-1.1204952377e+00,-1.0666874918e-01,-1.2271639869e+00,5.9227476543e-04,2.8294286892e-02,3.4978105716e-02,2.1403051094e-05,3.3190917272e-04,0,0,0,2.3958248488e-04,3.1921888688e+00,3.1924284512e+00,9.3176175816e-08,2.8572417675e-05,2.8665593851e-05,4.7495061735e-04,2.3958248488e+00
25,2.5000000000e-03,1.0000000000e-04,-9.0813179989e-02,1.3226835604e-01,1.2356139106e+00,2.6479863836e-01,-2.0800992870e-01,2.0800992870e-01,1.1924637709e+00,3.3818571310e-01,1.1719674871e-01,1.1752539901e-01,1.9245006470e-01,1.2711038187e-01,0.0000000000e+00,0.0000000000e+00,0.0000000000e+00,0.0000000000e+00,2.1757247322e-05,3.1689181412e-05,2.9603145105e-04,6.3441115771e-05,2.1757247322e-05,2.4740197945e-05,9.1298850079e-04,4.0424751614e-05,3.3474508159e-04,2.8456487261e-03,4.7441020063e-01,2.7279845733e-02,-7.7853054181e-04,7.7853054181e-04,2.0366295036e-01,1.0382519585e-02,1.1132756234e-03,2.9023073946e-03,3.7754891419e-01,2.7216342661e-02,0.0000000000e+00,0.0000000000e+00,0.0000000000e+00,0.0000000000e+00,-1.5898738315e-11,1.3515426192e-10,2.2532141767e-08,1.2956579572e-09,9.5422541383e-10,1.8724911533e-09,8.8474100046e-07,8.8389881911e-09,1.0000000000e+00,4.1921888688e+00,2.0679115636e+00,4.1921888688e+00,1.0000000000e+00,1.0000285724e+00,1.0000095586e+00,1.0000285724e+00,3.8394695671e-01,1.7079172997e-01,1.9618019603e+00,nan,7.6114013178e-05,3.3857916461e-05,3.8890950339e-04,nan,9.6906039856e-04,7.5686183169e-05,2.1865287573e-04,4.1920690912e+00,3.0840929149e+00,3.9265730245e+01,5.5511933764e-01,5.4593579765e-01,1.6393104930e-01,5.7095043187e-01,4.0766396044e-01,447024,48,48,48,-8.8474100046e-07,9.9902768404e-01,6.1140038697e-01,3.4978105716e-02,-3.3174284747e+00,-1.9164623063e-06,-3.8038728625e-03,-3.8057893248e-03,6.4940020710e-04,447024,48,48,48,-9.1298850079e-04,9.9902768404e-01,6.1140038697e-01,3.4978105716e-02,-3.3174284747e+00,-1.1297434594e+00,-1.0587045117e-01,-1.2356139106e+00,6.4940020710e-04,2.8265708632e-02,3.5627505923e-02,3.1284229707e-05,3.3200151195e-04,0,0,0,2.3958248488e-04,3.1921888688e+00,3.1924284512e+00,9.3176175816e-08,2.8572417675e-05,2.8665593851e-05,4.7495061735e-04,2.3958248488e+00
26,2.6000000000e-03,1.0000000000e-04,-9.1191107135e-02,1.3269598505e-01,1.2445232592e+00,2.6594200745e-01,-2.0840516643e-01,2.0840516643e-01,1.2013016320e+00,3.3921500417e-01,1.1721405929e-01,1.1754075826e-01,1.9245008329e-01,1.2712056528e-01,0.0000000000e+00,0.0000000000e+00,0.0000000000e+00,0.0000000000e+00,2.1847792047e-05,3.1791633833e-05,2.9816597493e-04,6.3715046979e-05,2.1847792047e-05,2.4764137506e-05,8.8794033599e-04,4.0145520146e-05,3.2901320470e-04,2.8469897897e-03,4.7543185149e-01,2.7304887156e-02,-7.8426662659e-04,7.8426662659e-04,2.0519284587e-01,1.0460264195e-02,1.1132798313e-03,2.9023119666e-03,3.7754891481e-01,2.7216345395e-02,0.0000000000e+00,0.0000000000e+00,0.0000000000e+00,0.0000000000e+00,-1.5626502469e-11,1.3521795582e-10,2.2580665137e-08,1.2968473012e-09,8.2199563303e-10,1.6923917922e-09,7.7534560250e-07,8.2490934333e-09,1.0000000000e+00,4.1921888688e+00,2.0679115636e+00,4.1921888688e+00,1.0000000000e+00,1.0000285724e+00,1.0000095586e+00,1.0000285724e+00,3.8201925756e-01,1.7080876310e-01,1.9618017741e+00,nan,7.5731864249e-05,3.3861293126e-05,3.8890946648e-04,nan,8.7319560906e-04,6.8340429451e-05,2.0547979957e-04,4.1920690912e+00,2.9780069178e+00,3.4336703449e+01,5.7408598556e-01,5.6183314053e-01,2.5781146614e-01,5.9783255222e-01,4.1462623040e-01,447024,48,48,48,-7.7534560250e-07,9.9902679930e-01,6.1048739847e-01,3.5627505923e-02,-3.2983596468e+00,-1.9423501779e-06,-3.8073240046e-03,-3.8092663548e-03,7.0519748333e-04,447024,48,48,48,-8.8794033599e-04,9.9902679930e-01,6.1048739847e-01,3.5627505923e-02,-3.2983596468e+00,-1.1394309450e+00,-1.0509231417e-01,-1.2445232592e+00,7.0519748333e-04,2.8202499811e-02,3.6332703407e-02,4.1215428588e-05,3.3208194742e-04,0,0,0,2.3958248488e-04,3.1921888688e+00,3.1924284512e+00,9.3176175816e-08,2.8572417675e-05,2.8665593851e-05,4.7495061735e-04,2.3958248488e+00
27,2.7000000000e-03,1.0000000000e-04,-9.1553169413e-02,1.3310573712e-01,1.2538303709e+00,2.6701009338e-01,-2.0878446609e-01,2.0878446609e-01,1.2092611185e+00,3.4018284867e-01,1.1723129668e-01,1.1755607470e-01,1.9245008973e-01,1.2713073731e-01,0.0000000000e+00,0.0000000000e+00,0.0000000000e+00,0.0000000000e+00,2.1934535827e-05,3.1889803252e-05,3.0039579588e-04,6.3970941660e-05,2.1934535827e-05,2.4788134858e-05,8.6410335261e-04,3.9880098083e-05,3.2390401274e-04,2.8482406438e-03,4.7636701022e-01,2.7328102756e-02,-7.8937950642e-04,7.8937950642e-04,2.0653936887e-01,1.0529245752e-02,1.1132835192e-03,2.9023159944e-03,3.7754891543e-01,2.7216348168e-02,0.0000000000e+00,0.0000000000e+00,0.0000000000e+00,0.0000000000e+00,-1.5383841081e-11,1.3527736521e-10,2.2625080559e-08,1.2979499275e-09,7.0891531929e-10,1.5390998876e-09,6.7981977148e-07,7.7627449212e-09,1.0000000000e+00,4.1921888688e+00,2.0679115636e+00,4.1921888688e+00,1.0000000000e+00,1.0000285724e+00,1.0000095586e+00,1.0000285724e+00,3.7992939179e-01,1.7079799036e-01,1.9618017117e+00,nan,7.5317567254e-05,3.3859157527e-05,3.8890945410e-04,nan,7.8673432920e-04,6.2090185340e-05,1.9465210204e-04,4.1920690912e+00,2.8765494207e+00,3.0047175731e+01,5.8459195509e-01,5.6932374862e-01,3.3910985956e-01,6.2261213853e-01,4.2063976040e-01,447024,48,48,48,-6.7981977148e-07,9.9902602395e-01,6.0959945813e-01,3.6332703407e-02,-3.2780278510e+00,-1.9684332784e-06,-3.8103484089e-03,-3.8123168422e-03,7.5855232337e-04,447024,48,48,48,-8.6410335261e-04,9.9902602395e-01,6.0959945813e-01,3.6332703407e-02,-3.2780278510e+00,-1.1494969656e+00,-1.0433340530e-01,-1.2538303709e+00,7.5855232337e-04,2.8143732229e-02,3.7091255730e-02,5.1080729143e-05,3.3215212546e-04,0,0,0,2.3958248488e-04,3.1921888688e+00,3.1924284512e+00,9.3176175816e-08,2.8572417675e-05,2.8665593851e-05,4.7495061735e-04,2.3958248488e+00
28,2.8000000000e-03,1.0000000000e-04,-9.1898234157e-02,1.3349585969e-01,1.2634614903e+00,2.6800046973e-01,-2.0914670049e-01,2.0914670049e-01,1.2164212524e+00,3.4108677833e-01,1.1724846633e-01,1.1757135272e-01,1.9245008406e-01,1.2714090114e-01,0.0000000000e+00,0.0000000000e+00,0.0000000000e+00,0.0000000000e+00,2.2017207296e-05,3.1983269786e-05,3.0270324340e-04,6.4208218487e-05,2.2017207296e-05,2.4812483962e-05,8.4137487887e-04,3.9627742813e-05,3.1942755333e-04,2.8493858632e-03,4.7720870433e-01,2.7349219838e-02,-7.9385920894e-04,7.9385920894e-04,2.0770209202e-01,1.0589363288e-02,1.1132867623e-03,2.9023195563e-03,3.7754891605e-01,2.7216350973e-02,0.0000000000e+00,0.0000000000e+00,0.0000000000e+00,0.0000000000e+00,-1.5171231365e-11,1.3533175748e-10,2.2665056873e-08,1.2989528846e-09,6.1211305552e-10,1.4083685144e-09,5.9633780558e-07,7.3639691192e-09,1.0000000000e+00,4.1921888688e+00,2.0679115636e+00,4.1921888688e+00,1.0000000000e+00,1.0000285724e+00,1.0000095586e+00,1.0000285724e+00,3.7769944553e-01,1.7074848997e-01,1.9618017726e+00,nan,7.4875500567e-05,3.3849344523e-05,3.8890946619e-04,nan,7.0876587899e-04,5.6760480596e-05,1.8582862905e-04,4.1920690912e+00,2.7795370457e+00,2.6310889442e+01,5.8427810118e-01,5.6618883283e-01,4.0580262807e-01,6.4487369144e-01,4.2557275140e-01,447024,48,48,48,-5.9633780558e-07,9.9902534413e-01,6.0873535478e-01,3.7091255730e-02,-3.2565773982e+00,-1.9946389748e-06,-3.8130001823e-03,-3.8149948213e-03,8.0833974699e-04,447024,48,48,48,-8.4137487887e-04,9.9902534413e-01,6.0873535478e-01,3.7091255730e-02,-3.2565773982e+00,-1.1598686120e+00,-1.0359287824e-01,-1.2634614903e+00,8.0833974699e-04,2.8095360513e-02,3.7899595477e-02,6.0770001119e-05,3.3221344476e-04,0,0,0,2.3958248488e-04,3.1921888688e+00,3.1924284512e+00,9.3176175816e-08,2.8572417675e-05,2.8665593851e-05,4.7495061735e-04,2.3958248488e+00
29,2.9000000000e-03,1.0000000000e-04,-9.2225309779e-02,1.3386478905e-01,1.2733334665e+00,2.6891139603e-01,-2.0949088355e-01,2.0949088355e-01,1.2229271958e+00,3.4192487962e-01,1.1726557377e-01,1.1758659652e-01,1.9245006598e-01,1.2715105981e-01,0.0000000000e+00,0.0000000000e+00,0.0000000000e+00,0.0000000000e+00,2.2095568886e-05,3.2071658799e-05,3.0506839599e-04,6.4426460474e-05,2.2095568886e-05,2.4836995020e-05,8.1967065801e-04,3.9387730466e-05,3.1558067113e-04,2.8504307956e-03,4.7795284080e-01,2.7368058300e-02,-7.9770895346e-04,7.9770895346e-04,2.0868443716e-01,1.0640702069e-02,1.1132896246e-03,2.9023227192e-03,3.7754891666e-01,2.7216353808e-02,0.0000000000e+00,0.0000000000e+00,0.0000000000e+00,0.0000000000e+00,-1.4988523458e-11,1.3538138661e-10,2.2700399680e-08,1.2998476185e-09,5.2872219388e-10,1.2962096765e-09,5.2332415335e-07,7.0387113334e-09,1.0000000000e+00,4.1921888688e+00,2.0679115636e+00,4.1921888688e+00,1.0000000000e+00,1.0000285724e+00,1.0000095586e+00,1.0000285724e+00,3.7535559487e-01,1.7064338570e-01,1.9618019602e+00,nan,7.4410853363e-05,3.3828508552e-05,3.8890950336e-04,nan,6.3845661453e-04,5.2188667571e-05,1.7870314563e-04,4.1920690912e+00,2.6868422582e+00,2.3053521556e+01,5.7067982011e-01,5.4998461040e-01,4.5833706409e-01,6.6436242776e-01,4.2936037074e-01,447024,48,48,48,-5.2332415335e-07,9.9902474780e-01,6.0789397990e-01,3.7899595477e-02,-3.2341783772e+00,-2.0208714999e-06,-3.8153263086e-03,-3.8173471801e-03,8.5345242170e-04,447024,48,48,48,-8.1967065801e-04,9.9902474780e-01,6.0789397990e-01,3.7899595477e-02,-3.2341783772e+00,-1.1704635098e+00,-1.0286995676e-01,-1.2733334665e+00,8.5345242170e-04,2.8058287471e-02,3.8753047899e-02,7.0181305589e-05,3.3226708190e-04,0,0,0,2.3958248488e-04,3.1921888688e+00,3.1924284512e+00,9.3176175816e-08,2.8572417675e-05,2.8665593851e-05,4.7495061735e-04,2.3958248488e+00
30,3.0000000000e-03,1.0000000000e-04,-9.2533539920e-02,1.3421115890e-01,1.2833567605e+00,2.6974176924e-01,-2.0981616442e-01,2.0981616442e-01,1.2285220041e+00,3.4269575892e-01,1.1728262450e-01,1.1760181015e-01,1.9245003531e-01,1.2716121626e-01,0.0000000000e+00,0.0000000000e+00,0.0000000000e+00,0.0000000000e+00,2.2169415429e-05,3.2154642949e-05,3.0746980167e-04,6.4625403350e-05,2.2169415429e-05,2.4861523483e-05,7.9892140197e-04,3.9159335084e-05,3.1234919621e-04,2.8514314183e-03,4.7859790461e-01,2.7384522196e-02,-8.0094296270e-04,8.0094296270e-04,2.0950627864e-01,1.0683500396e-02,1.1132921589e-03,2.9023255380e-03,3.7754891728e-01,2.7216356668e-02,0.0000000000e+00,0.0000000000e+00,0.0000000000e+00,0.0000000000e+00,-1.4835044357e-11,1.3542891125e-10,2.2731037025e-08,1.3006295723e-09,4.5686866017e-10,1.1999566953e-09,4.5941806648e-07,6.7747682674e-09,1.0000000000e+00,4.1921888688e+00,2.0679115636e+00,4.1921888688e+00,1.0000000000e+00,1.0000285724e+00,1.0000095586e+00,1.0000285724e+00,3.7292662441e-01,1.7053522684e-01,1.9618022759e+00,nan,7.3929331927e-05,3.3807067034e-05,3.8890956595e-04,nan,5.7504789000e-04,4.8265613977e-05,1.7300519155e-04,4.1920690912e+00,2.5983735561e+00,2.0211047387e+01,5.4103970098e-01,5.1780371197e-01,4.9792304849e-01,6.8087111333e-01,4.3188340320e-01,447024,48,48,48,-4.5941806648e-07,9.9902422447e-01,6.0707430924e-01,3.8753047899e-02,-3.2110219419e+00,-2.0470179259e-06,-3.8173676248e-03,-3.8194146427e-03,8.9283474338e-04,447024,48,48,48,-7.9892140197e-04,9.9902422447e-01,6.0707430924e-01,3.8753047899e-02,-3.2110219419e+00,-1.1811928396e+00,-1.0216392095e-01,-1.2833567605e+00,8.9283474338e-04,2.8033228445e-02,3.9645882642e-02,7.9222980442e-05,3.3231405007e-04,0,0,0,2.3958248488e-04,3.1921888688e+00,3.1924284512e+00,9.3176175816e-08,2.8572417675e-05,2.8665593851e-05,4.7495061735e-04,2.3958248488e+00
31,3.1000000000e-03,1.0000000000e-04,-9.2822198398e-02,1.3453379773e-01,1.2934386173e+00,2.7049107663e-01,-2.1012182237e-01,2.1012182237e-01,1.2336389699e+00,3.4339850905e-01,1.1729962397e-01,1.1761699748e-01,1.9244999193e-01,1.2717137328e-01,0.0000000000e+00,0.0000000000e+00,0.0000000000e+00,0.0000000000e+00,2.2238572945e-05,3.2231941562e-05,3.0988523797e-04,6.4804924278e-05,2.2238572945e-05,2.4885591104e-05,7.7906978391e-04,3.8941816209e-05,3.0971011928e-04,2.8523073760e-03,4.7914459660e-01,2.7398588572e-02,-8.0358429135e-04,8.0358429135e-04,2.1016726369e-01,1.0718117181e-02,1.1132944106e-03,2.9023280603e-03,3.7754891789e-01,2.7216359552e-02,0.0000000000e+00,0.0000000000e+00,0.0000000000e+00,0.0000000000e+00,-1.4709701235e-11,1.3547051491e-10,2.2757002196e-08,1.3012976557e-09,3.9491369254e-10,1.1173595803e-09,4.0344223562e-07,6.5616071032e-09,1.0000000000e+00,4.1921888688e+00,2.0679115636e+00,4.1921888688e+00,1.0000000000e+00,1.0000285724e+00,1.0000095586e+00,1.0000285724e+00,3.7044247033e-01,1.7036367107e-01,1.9618027213e+00,nan,7.3436870840e-05,3.3773057655e-05,3.8890965426e-04,nan,5.1785121687e-04,4.4899860951e-05,1.6849771639e-04,4.1920690912e+00,2.5140590401e+00,1.7728268080e+01,4.9343596223e-01,4.6742949981e-01,5.2655670532e-01,6.9462630653e-01,4.3336921930e-01,447024,48,48,48,-4.0344223562e-07,9.9902376505e-01,6.0627538784e-01,3.9645882642e-02,-3.1873149886e+00,-2.0729543852e-06,-3.8191596589e-03,-3.8212326132e-03,9.2552048133e-04,447024,48,48,48,-7.7906978391e-04,9.9902376505e-01,6.0627538784e-01,3.9645882642e-02,-3.1873149886e+00,-1.1919645211e+00,-1.0147409620e-01,-1.2934386173e+00,9.2552048133e-04,2.8020683330e-02,4.0571403123e-02,8.7815265763e-05,3.3235521622e-04,0,0,0,2.3958248488e-04,3.1921888688e+00,3.1924284512e+00,9.3176175816e-08,2.8572417675e-05,2.8665593851e-05,4.7495061735e-04,2.3958248488e+00
32,3.2000000000e-03,1.0000000000e-04,-9.3090685138e-02,1.3483173677e-01,1.3034862377e+00,2.7115935119e-01,-2.1040726272e-01,2.1040726272e-01,1.2399547983e+00,3.4403267820e-01,1.1731657758e-01,1.1763216225e-01,1.9244999957e-01,1.2718153359e-01,0.0000000000e+00,0.0000000000e+00,0.0000000000e+00,0.0000000000e+00,2.2302897665e-05,3.2303322537e-05,3.1229247183e-04,6.4965031157e-05,2.2302897665e-05,2.4908760299e-05,7.6006783018e-04,3.8734413457e-05,3.0763363567e-04,2.8530411354e-03,4.7959544678e-01,2.7410295028e-02,-8.0566278303e-04,8.0566278303e-04,2.1067034964e-01,1.0745001911e-02,1.1132964187e-03,2.9023303267e-03,3.7754891850e-01,2.7216362455e-02,0.0000000000e+00,0.0000000000e+00,0.0000000000e+00,0.0000000000e+00,-1.4611078518e-11,1.3550536486e-10,2.2778415353e-08,1.3018536546e-09,3.4147374272e-10,1.0462816370e-09,3.5437896739e-07,6.3901951952e-09,1.0000000000e+00,4.1921888688e+00,2.0679115636e+00,4.1921888688e+00,1.0000000000e+00,1.0000285724e+00,1.0000095586e+00,1.0000285724e+00,3.6793288101e-01,1.6990163668e-01,1.9618026466e+00,nan,7.2939367444e-05,3.3681463512e-05,3.8890963944e-04,nan,4.6624650238e-04,4.2004564837e-05,1.6497462140e-04,4.1920690912e+00,2.4338333413e+00,1.5557665531e+01,4.2677659833e-01,3.9749836809e-01,5.4595870132e-01,7.0581752784e-01,4.3388759780e-01,447024,48,48,48,-3.5437896739e-07,9.9902336161e-01,6.0549631806e-01,4.0571403123e-02,-3.1632744338e+00,-2.0985522380e-06,-3.8207333461e-03,-3.8228318984e-03,9.5067113837e-04,447024,48,48,48,-7.6006783018e-04,9.9902336161e-01,6.0549631806e-01,4.0571403123e-02,-3.1632744338e+00,-1.2026863933e+00,-1.0079984431e-01,-1.3034862377e+00,9.5067113837e-04,2.8020913540e-02,4.1522074262e-02,9.5891360659e-05,3.3239132483e-04,0,0,0,2.3958248488e-04,3.1921888688e+00,3.1924284512e+00,9.3176175816e-08,2.8572417675e-05,2.8665593851e-05,4.7495061735e-04,2.3958248488e+00
33,3.3000000000e-03,1.0000000000e-04,-9.3338523101e-02,1.3510422650e-01,1.3134097794e+00,2.7174712996e-01,-2.1067201372e-01,2.1067201372e-01,1.2474112918e+00,3.4459824127e-01,1.1733349062e-01,1.1764730804e-01,1.9245004136e-01,1.2719169979e-01,0.0000000000e+00,0.0000000000e+00,0.0000000000e+00,0.0000000000e+00,2.2362275300e-05,3.2368606303e-05,3.1466997862e-04,6.5105852656e-05,2.2362275300e-05,2.4930696120e-05,7.4187468916e-04,3.8536346745e-05,3.0608498922e-04,2.8536389404e-03,4.7995443244e-01,2.7419727172e-02,-8.0721322744e-04,8.0721322744e-04,2.1102702453e-01,1.0764667988e-02,1.1132982167e-03,2.9023323723e-03,3.7754891911e-01,2.7216365376e-02,0.0000000000e+00,0.0000000000e+00,0.0000000000e+00,0.0000000000e+00,-1.4537525459e-11,1.3553375764e-10,2.2795465399e-08,1.3023016348e-09,2.9525578739e-10,9.8490979162e-10,3.1134974054e-07,6.2528695074e-09,1.0000000000e+00,4.1921888688e+00,2.0679115636e+00,4.1921888688e+00,1.0000000000e+00,1.0000285724e+00,1.0000095586e+00,1.0000285724e+00,3.6542626678e-01,1.6917196912e-01,1.9618022238e+00,nan,7.2442453833e-05,3.3536813515e-05,3.8890955563e-04,nan,4.1967969132e-04,3.9505908174e-05,1.6225901092e-04,4.1920690912e+00,2.3576277992e+00,1.3658406841e+01,3.4257037889e-01,3.0982452024e-01,5.5775125442e-01,7.1470354096e-01,4.3359544218e-01,447024,48,48,48,-3.1134974054e-07,9.9902300723e-01,6.0473625023e-01,4.1522074262e-02,-3.1391213365e+00,-2.1236838951e-06,-3.8221156516e-03,-3.8242393355e-03,9.6761188072e-04,447024,48,48,48,-7.4187468916e-04,9.9902300723e-01,6.0473625023e-01,4.1522074262e-02,-3.1391213365e+00,-1.2132692226e+00,-1.0014055675e-01,-1.3134097794e+00,9.6761188072e-04,2.8033925903e-02,4.2489686143e-02,1.0339787290e-04,3.3242301588e-04,0,0,0,2.3958248488e-04,3.1921888688e+00,3.1924284512e+00,9.3176175816e-08,2.8572417675e-05,2.8665593851e-05,4.7495061735e-04,2.3958248488e+00
34,3.4000000000e-03,1.0000000000e-04,-9.3565356068e-02,1.3535074311e-01,1.3231250300e+00,2.7225541552e-01,-2.1091572432e-01,2.1091572432e-01,1.2541054273e+00,3.4509557381e-01,1.1735036825e-01,1.1766243835e-01,1.9245007032e-01,1.2720187442e-01,0.0000000000e+00,0.0000000000e+00,0.0000000000e+00,0.0000000000e+00,2.2416620506e-05,3.2427667365e-05,3.1699758249e-04,6.5227628973e-05,2.2416620506e-05,2.4951145838e-05,7.2445476082e-04,3.8346820850e-05,3.0502607793e-04,2.8541089685e-03,4.8022662242e-01,2.7427006805e-02,-8.0827375504e-04,8.0827375504e-04,2.1124951321e-01,1.0777669872e-02,1.1132998330e-03,2.9023342269e-03,3.7754891972e-01,2.7216368313e-02,0.0000000000e+00,0.0000000000e+00,0.0000000000e+00,0.0000000000e+00,-1.4487232402e-11,1.3555608166e-10,2.2808393079e-08,1.3026473814e-09,2.5522663040e-10,9.3179993888e-10,2.7358795596e-07,6.1431948244e-09,1.0000000000e+00,4.1921888688e+00,2.0679115636e+00,4.1921888688e+00,1.0000000000e+00,1.0000285724e+00,1.0000095586e+00,1.0000285724e+00,3.6294878530e-01,1.6844637509e-01,1.9618019317e+00,nan,7.1951315527e-05,3.3392971058e-05,3.8890949772e-04,nan,3.7764670860e-04,3.7344975855e-05,1.6020088988e-04,4.1920690912e+00,2.2853636773e+00,1.1995056163e+01,2.3980797726e-01,2.0304959792e-01,5.6336741475e-01,7.2159167003e-01,4.3268331250e-01,447024,48,48,48,-2.7358795596e-07,9.9902269588e-01,6.0399437554e-01,4.2489686143e-02,-3.1150751252e+00,-2.1482280162e-06,-3.8233301130e-03,-3.8254783410e-03,9.7586199125e-04,447024,48,48,48,-7.2445476082e-04,9.9902269588e-01,6.0399437554e-01,4.2489686143e-02,-3.1150751252e+00,-1.2236293804e+00,-9.9495649509e-02,-1.3231250300e+00,9.7586199125e-04,2.8059465421e-02,4.3465548134e-02,1.1029467750e-04,3.3245084179e-04,0,0,0,2.3958248488e-04,3.1921888688e+00,3.1924284512e+00,9.3176175816e-08,2.8572417675e-05,2.8665593851e-05,4.7495061735e-04,2.3958248488e+00
35,3.5000000000e-03,1.0000000000e-04,-9.3770947036e-02,1.3557099795e-01,1.3325556242e+00,2.7268564004e-01,-2.1113816254e-01,2.1113816254e-01,1.2600318320e+00,3.4552542810e-01,1.1736721550e-01,1.1767755735e-01,1.9245008632e-01,1.2721205993e-01,0.0000000000e+00,0.0000000000e+00,0.0000000000e+00,0.0000000000e+00,2.2465876501e-05,3.2480436566e-05,3.1925698770e-04,6.5330703233e-05,2.2465876501e-05,2.4969849999e-05,7.0777617048e-04,3.8165033114e-05,3.0441681253e-04,2.8544606922e-03,4.8041786032e-01,2.7432281378e-02,-8.0888447947e-04,8.0888447947e-04,2.1135036968e-01,1.0784584094e-02,1.1133012920e-03,2.9023359161e-03,3.7754892033e-01,2.7216371263e-02,0.0000000000e+00,0.0000000000e+00,0.0000000000e+00,0.0000000000e+00,-1.4458295304e-11,1.3557278680e-10,2.2817475935e-08,1.3028978976e-09,2.2051594400e-10,8.8584131567e-10,2.4042934199e-07,6.0558387781e-09,1.0000000000e+00,4.1921888688e+00,2.0679115636e+00,4.1921888688e+00,1.0000000000e+00,1.0000285724e+00,1.0000095586e+00,1.0000285724e+00,3.6052368215e-01,1.6773415109e-01,1.9618017718e+00,nan,7.1470560751e-05,3.3251779090e-05,3.8890946602e-04,nan,3.3969685900e-04,3.5476437212e-05,1.5867505630e-04,4.1920690912e+00,2.2169480944e+00,1.0537070037e+01,1.4787715736e-01,1.0779256668e-01,5.6407233203e-01,7.2691700980e-01,4.3134482787e-01,447024,48,48,48,-2.4042934199e-07,9.9902242230e-01,6.0326992078e-01,4.3465548134e-02,-3.0913481795e+00,-2.1720738146e-06,-3.8243972776e-03,-3.8265693514e-03,9.7515724496e-04,447024,48,48,48,-7.0777617048e-04,9.9902242230e-01,6.0326992078e-01,4.3465548134e-02,-3.0913481795e+00,-1.2336910647e+00,-9.8864559573e-02,-1.3325556242e+00,9.7515724496e-04,2.8097018475e-02,4.4440705379e-02,1.1655424204e-04,3.3247528088e-04,0,0,0,2.3958248488e-04,3.1921888688e+00,3.1924284512e+00,9.3176175816e-08,2.8572417675e-05,2.8665593851e-05,4.7495061735e-04,2.3958248488e+00
36,3.6000000000e-03,1.0000000000e-04,-9.3955176913e-02,1.3576488936e-01,1.3416347214e+00,2.7303963155e-01,-2.1133921415e-01,2.1133921415e-01,1.2661783894e+00,3.4588891065e-01,1.1738403724e-01,1.1769267045e-01,1.9245008942e-01,1.2722225870e-01,0.0000000000e+00,0.0000000000e+00,0.0000000000e+00,0.0000000000e+00,2.2510014753e-05,3.2526889553e-05,3.2143218037e-04,6.5415513398e-05,2.2510014753e-05,2.4986484176e-05,6.9180956543e-04,3.7990183182e-05,3.0421623567e-04,2.8547043494e-03,4.8053449269e-01,2.7435714946e-02,-8.0908637907e-04,8.0908637907e-04,2.1134215355e-01,1.0785993888e-02,1.1133026147e-03,2.9023374618e-03,3.7754892093e-01,2.7216374226e-02,0.0000000000e+00,0.0000000000e+00,0.0000000000e+00,0.0000000000e+00,-1.4448768894e-11,1.3558435931e-10,2.2823015396e-08,1.3030609751e-09,1.9038889238e-10,8.4595527205e-10,2.1129665928e-07,5.9864163330e-09,1.0000000000e+00,4.1921888688e+00,2.0679115636e+00,4.1921888688e+00,1.0000000000e+00,1.0000285724e+00,1.0000095586e+00,1.0000285724e+00,3.5817088289e-01,1.6691341072e-01,1.9618017434e+00,nan,7.1004139567e-05,3.3089074731e-05,3.8890946038e-04,nan,3.0542604474e-04,3.3856514830e-05,1.5757798019e-04,4.1920690912e+00,2.1522722605e+00,9.2580518224e+00,1.4469450138e-01,1.0498100653e-01,5.6076166556e-01,7.3085838949e-01,4.2968265654e-01,447024,48,48,48,-2.1129665928e-07,9.9902218187e-01,6.0256214461e-01,4.4440705379e-02,-3.0681409806e+00,-2.1951243830e-06,-3.8253351014e-03,-3.8275302258e-03,9.6546231783e-04,447024,48,48,48,-6.9180956543e-04,9.9902218187e-01,6.0256214461e-01,4.4440705379e-02,-3.0681409806e+00,-1.2433879790e+00,-9.8246742474e-02,-1.3416347214e+00,9.6546231783e-04,2.8145827482e-02,4.5406167697e-02,1.2216052241e-04,3.3249674974e-04,0,0,0,2.3958248488e-04,3.1921888688e+00,3.1924284512e+00,9.3176175816e-08,2.8572417675e-05,2.8665593851e-05,4.7495061735e-04,2.3958248488e+00
37,3.7000000000e-03,1.0000000000e-04,-9.4118043202e-02,1.3593248905e-01,1.3503061036e+00,2.7331958153e-01,-2.1151888135e-01,2.1151888135e-01,1.2717375243e+00,3.4618746057e-01,1.1740083815e-01,1.1770777777e-01,1.9245008005e-01,1.2723247308e-01,0.0000000000e+00,0.0000000000e+00,0.0000000000e+00,0.0000000000e+00,2.2549034663e-05,3.2567043502e-05,3.2350969165e-04,6.5482584510e-05,2.2549034663e-05,2.5000821436e-05,6.7652720627e-04,3.7821483819e-05,3.0438342253e-04,2.8548505210e-03,4.8058314310e-01,2.7437480701e-02,-8.0892039672e-04,8.0892039672e-04,2.1123718055e-01,1.0782477078e-02,1.1133038192e-03,2.9023388830e-03,3.7754892154e-01,2.7216377200e-02,0.0000000000e+00,0.0000000000e+00,0.0000000000e+00,0.0000000000e+00,-1.4456709444e-11,1.3559130174e-10,2.2825326051e-08,1.3031448397e-09,1.6422021941e-10,8.1127114249e-10,1.8569044313e-07,5.9313515891e-09,1.0000000000e+00,4.1921888688e+00,2.0679115636e+00,4.1921888688e+00,1.0000000000e+00,1.0000285724e+00,1.0000095586e+00,1.0000285724e+00,3.5590681389e-01,1.6610124063e-01,1.9618018421e+00,nan,7.0555308355e-05,3.2928069354e-05,3.8890947995e-04,nan,2.7447594334e-04,3.2449779483e-05,1.5682493097e-04,4.1920690912e+00,2.0912115579e+00,8.1352810787e+00,1.8140659648e-01,1.4353186154e-01,5.5427440010e-01,7.3370848243e-01,4.2781534838e-01,447024,48,48,48,-1.8569044313e-07,9.9902197057e-01,6.0187033504e-01,4.5406167697e-02,-3.0456379954e+00,-2.2172989434e-06,-3.8261592885e-03,-3.8283765874e-03,9.4697222058e-04,447024,48,48,48,-6.7652720627e-04,9.9902197057e-01,6.0187033504e-01,4.5406167697e-02,-3.0456379954e+00,-1.2526644327e+00,-9.7641670882e-02,-1.3503061036e+00,9.4697222058e-04,2.8204376994e-02,4.6353139917e-02,1.2710755370e-04,3.3251560917e-04,0,0,0,2.3958248488e-04,3.1921888688e+00,3.1924284512e+00,9.3176175816e-08,2.8572417675e-05,2.8665593851e-05,4.7495061735e-04,2.3958248488e+00
38,3.8000000000e-03,1.0000000000e-04,-9.4259658365e-02,1.3607411272e-01,1.3585247040e+00,2.7352801336e-01,-2.1167728109e-01,2.1167728109e-01,1.2767017836e+00,3.4642282807e-01,1.1741762273e-01,1.1772288234e-01,1.9245006331e-01,1.2724270532e-01,0.0000000000e+00,0.0000000000e+00,0.0000000000e+00,0.0000000000e+00,2.2582963175e-05,3.2600974055e-05,3.2547872435e-04,6.5532521126e-05,2.2582963175e-05,2.5012700143e-05,6.6190231908e-04,3.7658171978e-05,3.0487818922e-04,2.8549098053e-03,4.8057052931e-01,2.7437754985e-02,-8.0842673191e-04,8.0842673191e-04,2.1104733594e-01,1.0774596747e-02,1.1133049211e-03,2.9023401961e-03,3.7754892215e-01,2.7216380183e-02,0.0000000000e+00,0.0000000000e+00,0.0000000000e+00,0.0000000000e+00,-1.4480208418e-11,1.3559411745e-10,2.2824726957e-08,1.3031578669e-09,1.4146174086e-10,7.8112728499e-10,1.6317587048e-07,5.8877462340e-09,1.0000000000e+00,4.1921888688e+00,2.0679115636e+00,4.1921888688e+00,1.0000000000e+00,1.0000285724e+00,1.0000095586e+00,1.0000285724e+00,3.5374441694e-01,1.6530668215e-01,1.9618020158e+00,nan,7.0126632710e-05,3.2770555317e-05,3.8890951440e-04,nan,2.4652560624e-04,3.1229226773e-05,1.5634710674e-04,4.1920690912e+00,2.0336269917e+00,7.1490831319e+00,2.3650080852e-01,2.0010383771e-01,5.4532304796e-01,7.3571237493e-01,4.2587782300e-01,447024,48,48,48,-1.6317587048e-07,9.9902178488e-01,6.0119380784e-01,4.6353139917e-02,-3.0240044019e+00,-2.2385340611e-06,-3.8268835947e-03,-3.8291221288e-03,9.2010269061e-04,447024,48,48,48,-6.6190231908e-04,9.9902178488e-01,6.0119380784e-01,4.6353139917e-02,-3.0240044019e+00,-1.2614758701e+00,-9.7048833877e-02,-1.3585247040e+00,9.2010269061e-04,2.8268488146e-02,4.7273242608e-02,1.3139787161e-04,3.3253217328e-04,0,0,0,2.3958248488e-04,3.1921888688e+00,3.1924284512e+00,9.3176175816e-08,2.8572417675e-05,2.8665593851e-05,4.7495061735e-04,2.3958248488e+00
39,3.9000000000e-03,1.0000000000e-04,-9.4380247629e-02,1.3619026168e-01,1.3662566140e+00,2.7366775094e-01,-2.1181464288e-01,2.1181464288e-01,1.2817373863e+00,3.4659705257e-01,1.1743439525e-01,1.1773798706e-01,1.9245008320e-01,1.2725295765e-01,0.0000000000e+00,0.0000000000e+00,0.0000000000e+00,0.0000000000e+00,2.2611854251e-05,3.2628801309e-05,3.2733115456e-04,6.5565999801e-05,2.2611854251e-05,2.5022069141e-05,6.4790866932e-04,3.7499519455e-05,3.0566163693e-04,2.8548925755e-03,4.8050331883e-01,2.7436712649e-02,-8.0764429692e-04,8.0764429692e-04,2.1078393955e-01,1.0762894261e-02,1.1133059338e-03,2.9023414152e-03,3.7754892275e-01,2.7216383175e-02,0.0000000000e+00,0.0000000000e+00,0.0000000000e+00,0.0000000000e+00,-1.4517418316e-11,1.3559329912e-10,2.2821534792e-08,1.3031083611e-09,1.2167232718e-10,7.5493158813e-10,1.4336546683e-07,5.8532657331e-09,1.0000000000e+00,4.1921888688e+00,2.0679115636e+00,4.1921888688e+00,1.0000000000e+00,1.0000285724e+00,1.0000095586e+00,1.0000285724e+00,3.5169331582e-01,1.6445173699e-01,1.9618018163e+00,nan,6.9720020455e-05,3.2601070168e-05,3.8890947483e-04,nan,2.2127419129e-04,3.0170629929e-05,1.5608908642e-04,4.1920690912e+00,1.9793675618e+00,6.2820256455e+00,3.0175489123e-01,2.6490482662e-01,5.3455776885e-01,7.3722683180e-01,4.2397215778e-01,447024,48,48,48,-1.4336546683e-07,9.9902162170e-01,6.0053190552e-01,4.7273242608e-02,-3.0033837041e+00,-2.2587838900e-06,-3.8275200797e-03,-3.8297788635e-03,8.8547037472e-04,447024,48,48,48,-6.4790866932e-04,9.9902162170e-01,6.0053190552e-01,4.7273242608e-02,-3.0033837041e+00,-1.2697888772e+00,-9.6467736744e-02,-1.3662566140e+00,8.8547037472e-04,2.8326806249e-02,4.8158712983e-02,1.3504088745e-04,3.3254671647e-04,0,0,0,2.3958248488e-04,3.1921888688e+00,3.1924284512e+00,9.3176175816e-08,2.8572417675e-05,2.8665593851e-05,4.7495061735e-04,2.3958248488e+00
40,4.0000000000e-03,1.0000000000e-04,-9.4480146033e-02,1.3628157744e-01,1.3734786470e+00,2.7374188718e-01,-2.1193130581e-01,2.1193130581e-01,1.2864510389e+00,3.4671244005e-01,1.1745115977e-01,1.1775309470e-01,1.9245008973e-01,1.2726323220e-01,0.0000000000e+00,0.0000000000e+00,0.0000000000e+00,0.0000000000e+00,2.2635788159e-05,3.2650678967e-05,3.2906142718e-04,6.5583761548e-05,2.2635788159e-05,2.5028769662e-05,6.3452031647e-04,3.7344842609e-05,3.0669655905e-04,2.8548088057e-03,4.8038801768e-01,2.7434523555e-02,-8.0661031005e-04,8.0661031005e-04,2.1045765275e-01,1.0747884203e-02,1.1133068691e-03,2.9023425525e-03,3.7754892336e-01,2.7216386175e-02,0.0000000000e+00,0.0000000000e+00,0.0000000000e+00,0.0000000000e+00,-1.4566572006e-11,1.3558932047e-10,2.2816058556e-08,1.3030043899e-09,1.0442125055e-10,7.3202215722e-10,1.2592639853e-07,5.8260374672e-09,1.0000000000e+00,4.1921888688e+00,2.0679115636e+00,4.1921888688e+00,1.0000000000e+00,1.0000285724e+00,1.0000095586e+00,1.0000285724e+00,3.4976009181e-01,1.6359554028e-01,1.9618017528e+00,nan,6.9336776272e-05,3.2431336910e-05,3.8890946225e-04,nan,1.9845920652e-04,2.9247228973e-05,1.5600648068e-04,4.1920690912e+00,1.9282731553e+00,5.5192003571e+00,3.6233395411e-01,3.2318220554e-01,5.2227171777e-01,7.3825688499e-01,4.2208405532e-01,447024,48,48,48,-1.2592639853e-07,9.9902147834e-01,5.9988399685e-01,4.8158712983e-02,-2.9838962287e+00,-2.2780195676e-06,-3.8280792915e-03,-3.8303573111e-03,8.4386440019e-04,447024,48,48,48,-6.3452031647e-04,9.9902147834e-01,5.9988399685e-01,4.8158712983e-02,-2.9838962287e+00,-1.2775807459e+00,-9.5897901083e-02,-1.3734786470e+00,8.4386440019e-04,2.8373475877e-02,4.9002577383e-02,1.3805132574e-04,3.3255947968e-04,0,0,0,2.3958248488e-04,3.1921888688e+00,3.1924284512e+00,9.3176175816e-08,2.8572417675e-05,2.8665593851e-05,4.7495061735e-04,2.3958248488e+00
41,4.1000000000e-03,1.0000000000e-04,-9.4559794611e-02,1.3634884447e-01,1.3801775552e+00,2.7375375221e-01,-2.1202771474e-01,2.1202771474e-01,1.2907415359e+00,3.4677153926e-01,1.1746792013e-01,1.1776820791e-01,1.9245008407e-01,1.2727353103e-01,0.0000000000e+00,0.0000000000e+00,0.0000000000e+00,0.0000000000e+00,2.2654870563e-05,3.2666794968e-05,3.3066636825e-04,6.5586604201e-05,2.2654870563e-05,2.5032815373e-05,6.2171150842e-04,3.7193510758e-05,3.0794773501e-04,2.8546679521e-03,4.8023088658e-01,2.7431350035e-02,-8.0536000193e-04,8.0536000193e-04,2.1007841842e-01,1.0730050863e-02,1.1133077369e-03,2.9023436187e-03,3.7754892396e-01,2.7216389181e-02,0.0000000000e+00,0.0000000000e+00,0.0000000000e+00,0.0000000000e+00,-1.4625996685e-11,1.3558263062e-10,2.2808595605e-08,1.3028536634e-09,8.9383903174e-11,7.1198784059e-10,1.1428732627e-07,5.8045646415e-09,1.0000000000e+00,4.1921888688e+00,2.0679115636e+00,4.1921888688e+00,1.0000000000e+00,1.0000285724e+00,1.0000095586e+00,1.0000285724e+00,3.4794862790e-01,1.6275792835e-01,1.9618018136e+00,nan,6.8977669927e-05,3.2265287918e-05,3.8890947431e-04,nan,1.8382694340e-04,2.8442179994e-05,1.5606390801e-04,4.1920690912e+00,1.8801776295e+00,5.0107129895e+00,4.1282343719e-01,3.7058834102e-01,5.0876570770e-01,7.3886875627e-01,4.2025252974e-01,447015,48,48,39,-1.1428732627e-07,7.1425448739e-01,5.1161600555e-01,3.4132867517e-02,-3.3427655038e+00,-1.3395258408e-01,-3.4314584128e-01,-4.7709842536e-01,-1.9977691868e-04,447024,48,48,48,-6.2171150842e-04,9.9902135241e-01,5.9924947653e-01,4.9002577383e-02,-2.9656384560e+00,-1.2848386901e+00,-9.5338865095e-02,-1.3801775552e+00,7.9621149260e-04,2.8401746987e-02,4.9798788875e-02,1.4044780929e-04,3.3257067377e-04,0,0,0,2.3958248488e-04,3.1921888688e+00,3.1924284512e+00,9.3176175816e-08,2.8572417675e-05,2.8665593851e-05,4.7495061735e-04,2.3958248488e+00
42,4.2000000000e-03,1.0000000000e-04,-9.4619735641e-02,1.3639296539e-01,1.3863490016e+00,2.7370688111e-01,-2.1210441553e-01,2.1210441553e-01,1.2952413930e+00,3.4677711699e-01,1.1748467989e-01,1.1778332918e-01,1.9245006515e-01,1.2728385614e-01,0.0000000000e+00,0.0000000000e+00,0.0000000000e+00,0.0000000000e+00,2.2669231384e-05,3.2677365568e-05,3.3214493872e-04,6.5575374706e-05,2.2669231384e-05,2.5033950494e-05,6.0945667710e-04,3.7044952980e-05,3.0938213250e-04,2.8544788770e-03,4.8003787989e-01,2.7427345133e-02,-8.0392641354e-04,8.0392641354e-04,2.0965727841e-01,1.0709845959e-02,1.1133085460e-03,2.9023446229e-03,3.7754892457e-01,2.7216392193e-02,0.0000000000e+00,0.0000000000e+00,0.0000000000e+00,0.0000000000e+00,-1.4694123483e-11,1.3557365049e-10,2.2799428741e-08,1.3026634503e-09,7.6253164742e-11,6.9443336457e-10,1.1283873902e-07,5.7876547087e-09,1.0000000000e+00,4.1921888688e+00,2.0679115636e+00,4.1921888688e+00,1.0000000000e+00,1.0000285724e+00,1.0000095586e+00,1.0000285724e+00,3.4626048660e-01,1.6186733959e-01,1.9618020097e+00,nan,6.8643011177e-05,3.2088736747e-05,3.8890951318e-04,nan,1.8514644807e-04,2.7739663571e-05,1.5623328532e-04,4.1920690912e+00,1.8349118293e+00,4.9491915040e+00,4.5190199510e-01,4.0685900844e-01,4.9430928176e-01,7.3917070284e-01,4.1851034924e-01,447888,48,57,48,-1.1283873902e-07,7.1425437311e-01,5.1151501068e-01,3.3933090599e-02,-3.3488424341e+00,-1.3371450167e-01,-3.4314574058e-01,-4.7686024225e-01,-2.2058939378e-04,447024,48,48,48,-6.0945667710e-04,9.9902124184e-01,5.9862776502e-01,4.9798788875e-02,-2.9486830994e+00,-1.2915588177e+00,-9.4790183921e-02,-1.3863490016e+00,7.4353711681e-04,2.8398135170e-02,5.0542325992e-02,1.4225164307e-04,3.3258048321e-04,0,0,0,2.3958248488e-04,3.1921888688e+00,3.1924284512e+00,9.3176175816e-08,2.8572417675e-05,2.8665593851e-05,4.7495061735e-04,2.3958248488e+00
43,4.3000000000e-03,1.0000000000e-04,-9.4660606992e-02,1.3641496816e-01,1.3919963877e+00,2.7360498145e-01,-2.1216204939e-01,2.1216204939e-01,1.2994133468e+00,3.4673213217e-01,1.1750144239e-01,1.1779846087e-01,1.9245003285e-01,1.2729420940e-01,0.0000000000e+00,0.0000000000e+00,0.0000000000e+00,0.0000000000e+00,2.2679023444e-05,3.2682637046e-05,3.3349795350e-04,6.5550961331e-05,2.2679023444e-05,2.5032113681e-05,5.9773050130e-04,3.6898663185e-05,3.1096903509e-04,2.8542544578e-03,4.7981460275e-01,2.7422651456e-02,-8.0234026888e-04,8.0234026888e-04,2.0920843191e-01,1.0687687354e-02,1.1133093040e-03,2.9023455730e-03,3.7754892517e-01,2.7216395211e-02,0.0000000000e+00,0.0000000000e+00,0.0000000000e+00,0.0000000000e+00,-1.4769493519e-11,1.3556299168e-10,2.2788824179e-08,1.3024405239e-09,6.4753839770e-11,6.7907949504e-10,1.1192873517e-07,5.7743586366e-09,1.0000000000e+00,4.1921888688e+00,2.0679115636e+00,4.1921888688e+00,1.0000000000e+00,1.0000285724e+00,1.0000095586e+00,1.0000285724e+00,3.4469529304e-01,1.6100221875e-01,1.9618023420e+00,nan,6.8332725702e-05,3.1917234362e-05,3.8890957906e-04,nan,1.8725618808e-04,2.7128332178e-05,1.5649235333e-04,4.1920690912e+00,1.7923063546e+00,4.9115625400e+00,4.7883913441e-01,4.3230499454e-01,4.7918118216e-01,7.3930764771e-01,4.1691729902e-01,391154,42,42,50,-1.1192873517e-07,7.6953577914e-01,5.1560040534e-01,3.4116564488e-02,-3.3432601313e+00,-9.9556541208e-02,-3.7511563694e-01,-4.7467217815e-01,-2.3512762002e-04,447024,48,48,48,-5.9773050130e-04,9.9902114481e-01,5.9801830834e-01,5.0542325992e-02,-2.9330798284e+00,-1.2977449577e+00,-9.4251429950e-02,-1.3919963877e+00,6.8692518321e-04,2.8338844110e-02,5.1229251175e-02,1.4348581913e-04,3.3258906945e-04,0,0,0,2.3958248488e-04,3.1921888688e+00,3.1924284512e+00,9.3176175816e-08,2.8572417675e-05,2.8665593851e-05,4.7495061735e-04,2.3958248488e+00
44,4.4000000000e-03,1.0000000000e-04,-9.4683135606e-02,1.3641595269e-01,1.3971296232e+00,2.7345190076e-01,-2.1220134630e-01,2.1220134630e-01,1.3035033690e+00,3.4663970915e-01,1.1751821069e-01,1.1781360517e-01,1.9244998713e-01,1.2730459258e-01,0.0000000000e+00,0.0000000000e+00,0.0000000000e+00,0.0000000000e+00,2.2684420905e-05,3.2682872922e-05,3.3472778684e-04,6.5514285881e-05,2.2684420905e-05,2.5027381911e-05,5.8650800784e-04,3.6754203376e-05,3.1268010964e-04,2.8540210588e-03,4.7956628279e-01,2.7417400520e-02,-8.0062990750e-04,8.0062990750e-04,2.0873155873e-01,1.0663958539e-02,1.1133100171e-03,2.9023464758e-03,3.7754892578e-01,2.7216398233e-02,0.0000000000e+00,0.0000000000e+00,0.0000000000e+00,0.0000000000e+00,-1.4850761110e-11,1.3555190638e-10,2.2777030207e-08,1.3021911303e-09,5.4681240882e-11,6.6559076804e-10,1.1183517734e-07,5.7639233087e-09,1.0000000000e+00,4.1921888688e+00,2.0679115636e+00,4.1921888688e+00,1.0000000000e+00,1.0000285724e+00,1.0000095586e+00,1.0000285724e+00,3.4325110198e-01,1.6013120004e-01,1.9618028112e+00,nan,6.8046427881e-05,3.1744562776e-05,3.8890967208e-04,nan,1.9067971084e-04,2.6594502390e-05,1.5682351349e-04,4.1920690912e+00,1.7521939645e+00,4.9099982010e+00,4.9659067124e-01,4.4986627995e-01,4.6346530017e-01,7.3931288465e-01,4.1542599521e-01,428010,46,42,42,-1.1183517734e-07,7.6953566721e-01,5.1548740965e-01,3.3881436867e-02,-3.3504192835e+00,-9.9346177531e-02,-3.7511560879e-01,-4.7446178632e-01,-2.4940176275e-04,447024,48,48,48,-5.8650800784e-04,9.9902105971e-01,5.9742057784e-01,5.1229251175e-02,-2.9188565172e+00,-1.3034074302e+00,-9.3722193048e-02,-1.3971296232e+00,6.2747870088e-04,2.8264927909e-02,5.1856729876e-02,1.4417425386e-04,3.3259657547e-04,0,0,0,2.3958248488e-04,3.1921888688e+00,3.1924284512e+00,9.3176175816e-08,2.8572417675e-05,2.8665593851e-05,4.7495061735e-04,2.3958248488e+00
45,4.5000000000e-03,1.0000000000e-04,-9.4688130210e-02,1.3639712805e-01,1.4017639126e+00,2.7325159427e-01,-2.1222311780e-01,2.1222311780e-01,1.3085618319e+00,3.4650311045e-01,1.1753498759e-01,1.1782876409e-01,1.9245000829e-01,1.2731500733e-01,0.0000000000e+00,0.0000000000e+00,0.0000000000e+00,0.0000000000e+00,2.2685617525e-05,3.2678362869e-05,3.3583808139e-04,6.5466295953e-05,2.2685617525e-05,2.5019846225e-05,5.7576468865e-04,3.6611205126e-05,3.1448942527e-04,2.8538073878e-03,4.7929775356e-01,2.7411712452e-02,-7.9882126590e-04,7.9882126590e-04,2.0823336674e-01,1.0639008746e-02,1.1133106912e-03,2.9023473371e-03,3.7754892638e-01,2.7216401259e-02,0.0000000000e+00,0.0000000000e+00,0.0000000000e+00,0.0000000000e+00,-1.4936694668e-11,1.3554175806e-10,2.2764276395e-08,1.3019209752e-09,4.5854857433e-11,6.5370977274e-10,1.1175806069e-07,5.7557513681e-09,1.0000000000e+00,4.1921888688e+00,2.0679115636e+00,4.1921888688e+00,1.0000000000e+00,1.0000285724e+00,1.0000095586e+00,1.0000285724e+00,3.4192473445e-01,1.5913146911e-01,1.9618025987e+00,nan,6.7783487508e-05,3.1546375159e-05,3.8890962994e-04,nan,1.9410370747e-04,2.6127649501e-05,1.5721283548e-04,4.1920690912e+00,1.7144115589e+00,4.9093614379e+00,5.0751872976e-01,4.6174011667e-01,4.4724022532e-01,7.3919798573e-01,4.1403303438e-01,391154,42,42,50,-1.1175806069e-07,7.6953555537e-01,5.1537388244e-01,3.3632035105e-02,-3.3580656392e+00,-9.9117176133e-02,-3.7511558066e-01,-4.7423275679e-01,-2.5962492466e-04,447024,48,48,48,-5.7576468865e-04,9.9902098512e-01,5.9683406984e-01,5.1856729876e-02,-2.9060208983e+00,-1.3085618319e+00,-9.3202080649e-02,-1.4017639126e+00,5.6628341651e-04,2.8197836008e-02,5.2423013293e-02,1.4434123569e-04,3.3260312688e-04,0,0,0,2.3958248488e-04,3.1921888688e+00,3.1924284512e+00,9.3176175816e-08,2.8572417675e-05,2.8665593851e-05,4.7495061735e-04,2.3958248488e+00
46,4.6000000000e-03,1.0000000000e-04,-9.4676473399e-02,1.3635968528e-01,1.4059186107e+00,2.7300809308e-01,-2.1222824901e-01,2.1222824901e-01,1.3132278930e+00,3.4632570911e-01,1.1755177561e-01,1.1784393948e-01,1.9245004847e-01,1.2732545514e-01,0.0000000000e+00,0.0000000000e+00,0.0000000000e+00,0.0000000000e+00,2.2682824757e-05,3.2669392238e-05,3.3683347430e-04,6.5407957334e-05,2.2682824757e-05,2.5009544364e-05,5.6547661683e-04,3.6469369358e-05,3.1637343266e-04,2.8535766901e-03,4.7901344727e-01,2.7405695988e-02,-7.9693789833e-04,7.9693789833e-04,2.0771987644e-01,1.0613153548e-02,1.1133113310e-03,2.9023481623e-03,3.7754892699e-01,2.7216404288e-02,0.0000000000e+00,0.0000000000e+00,0.0000000000e+00,0.0000000000e+00,-1.5026175716e-11,1.3553080106e-10,2.2750773250e-08,1.3016352228e-09,3.8098214259e-11,6.4330302655e-10,1.1169491898e-07,5.7493690306e-09,1.0000000000e+00,4.1921888688e+00,2.0679115636e+00,4.1921888688e+00,1.0000000000e+00,1.0000285724e+00,1.0000095586e+00,1.0000285724e+00,3.4071207509e-01,1.5817504148e-01,1.9618021923e+00,nan,6.7543088754e-05,3.1356772026e-05,3.8890954938e-04,nan,1.9752349727e-04,2.5722300941e-05,1.5764925832e-04,4.1920690912e+00,1.6788017225e+00,4.9094998994e+00,5.1367860748e-01,4.6967524064e-01,4.3069830305e-01,7.3909416066e-01,4.1278872215e-01,391914,42,50,42,-1.1169491898e-07,7.6953544362e-01,5.1525978838e-01,3.3372410180e-02,-3.3660837861e+00,-9.8873449839e-02,-3.7511555255e-01,-4.7398900239e-01,-2.6627000798e-04,447024,48,48,48,-5.6547661683e-04,9.9902091981e-01,5.9625830515e-01,5.2423013293e-02,-2.8945625062e+00,-1.3132278930e+00,-9.2690717732e-02,-1.4059186107e+00,5.0437601603e-04,2.8138520346e-02,5.2927389309e-02,1.4401106732e-04,3.3260883411e-04,0,0,0,2.3958248488e-04,3.1921888688e+00,3.1924284512e+00,9.3176175816e-08,2.8572417675e-05,2.8665593851e-05,4.7495061735e-04,2.3958248488e+00
47,4.7000000000e-03,1.0000000000e-04,-9.4649113183e-02,1.3630492853e-01,1.4096161875e+00,2.7272547341e-01,-2.1221769019e-01,2.1221769019e-01,1.3174284409e+00,3.4611096115e-01,1.1756857701e-01,1.1785913299e-01,1.9245007512e-01,1.2733593738e-01,0.0000000000e+00,0.0000000000e+00,0.0000000000e+00,0.0000000000e+00,2.2676269728e-05,3.2656273479e-05,3.3771934894e-04,6.5340246611e-05,2.2676269728e-05,2.4996425279e-05,5.5562055063e-04,3.6328464551e-05,3.1831091080e-04,2.8533338225e-03,4.7871739481e-01,2.7399448669e-02,-7.9500103001e-04,7.9500103001e-04,2.0719645039e-01,1.0586675861e-02,1.1133119408e-03,2.9023489557e-03,3.7754892759e-01,2.7216407321e-02,0.0000000000e+00,0.0000000000e+00,0.0000000000e+00,0.0000000000e+00,-1.5118196359e-11,1.3551926605e-10,2.2736712220e-08,1.3013385060e-09,3.1281203820e-11,6.3416420551e-10,1.1164335634e-07,5.7444008940e-09,1.0000000000e+00,4.1921888688e+00,2.0679115636e+00,4.1921888688e+00,1.0000000000e+00,1.0000285724e+00,1.0000095586e+00,1.0000285724e+00,3.3960832675e-01,1.5727340018e-01,1.9618019237e+00,nan,6.7324280624e-05,3.1178029791e-05,3.8890949614e-04,nan,2.0093453385e-04,2.5370195875e-05,1.5812396601e-04,4.1920690912e+00,1.6452138510e+00,4.9102682594e+00,5.1617685493e-01,4.7462532511e-01,4.1380331733e-01,7.3894548628e-01,4.1166015286e-01,391530,42,46,42,-1.1164335634e-07,7.6953533192e-01,5.1514510269e-01,3.3106140172e-02,-3.3743699582e+00,-9.8618563606e-02,-3.7511552446e-01,-4.7373408806e-01,-2.6979675104e-04,447024,48,48,48,-5.5562055063e-04,9.9902086269e-01,5.9569282853e-01,5.2927389309e-02,-2.8844548035e+00,-1.3174284409e+00,-9.2187746657e-02,-1.4096161875e+00,4.4271794789e-04,2.8087839029e-02,5.3370107257e-02,1.4320787515e-04,3.3261379498e-04,0,0,0,2.3958248488e-04,3.1921888688e+00,3.1924284512e+00,9.3176175816e-08,2.8572417675e-05,2.8665593851e-05,4.7495061735e-04,2.3958248488e+00
48,4.8000000000e-03,1.0000000000e-04,-9.4607054166e-02,1.3623414535e-01,1.4128813206e+00,2.7240782684e-01,-2.1219244793e-01,2.1219244793e-01,1.3211884937e+00,3.4586237834e-01,1.1758539376e-01,1.1787434610e-01,1.9245008824e-01,1.2734645522e-01,0.0000000000e+00,0.0000000000e+00,0.0000000000e+00,0.0000000000e+00,2.2666193124e-05,3.2639315069e-05,3.3850161762e-04,6.5264144056e-05,2.2666193124e-05,2.4980695603e-05,5.4617401873e-04,3.6188323556e-05,3.2028288741e-04,2.8530831168e-03,4.7841323192e-01,2.7393057200e-02,-7.9302963689e-04,7.9302963689e-04,2.0666782637e-01,1.0559827263e-02,1.1133125243e-03,2.9023497212e-03,3.7754892820e-01,2.7216410357e-02,0.0000000000e+00,0.0000000000e+00,0.0000000000e+00,0.0000000000e+00,-1.5211855510e-11,1.3550735877e-10,2.2722265985e-08,1.3010349428e-09,2.5293593259e-11,6.2611803303e-10,1.1160139557e-07,5.7405497888e-09,1.0000000000e+00,4.1921888688e+00,2.0679115636e+00,4.1921888688e+00,1.0000000000e+00,1.0000285724e+00,1.0000095586e+00,1.0000285724e+00,3.3860822205e-01,1.5642569351e-01,1.9618017931e+00,nan,6.7126018908e-05,3.1009979605e-05,3.8890947025e-04,nan,2.0433303625e-04,2.5064075196e-05,1.5862989011e-04,4.1920690912e+00,1.6135049001e+00,4.9115434016e+00,5.1672123554e-01,4.7797589504e-01,3.9656097803e-01,7.3875592675e-01,4.1062312616e-01,391150,42,42,46,-1.1160139557e-07,7.6953522028e-01,5.1502980994e-01,3.2836343421e-02,-3.3828317896e+00,-9.8355739652e-02,-3.7511549637e-01,-4.7347123603e-01,-2.7064174076e-04,447024,48,48,48,-5.4617401873e-04,9.9902081280e-01,5.9513720798e-01,5.3370107257e-02,-2.8756573960e+00,-1.3211884937e+00,-9.1692826883e-02,-1.4128813206e+00,3.8217541196e-04,2.8046535111e-02,5.3752282669e-02,1.4195555836e-04,3.3261809520e-04,0,0,0,2.3958248488e-04,3.1921888688e+00,3.1924284512e+00,9.3176175816e-08,2.8572417675e-05,2.8665593851e-05,4.7495061735e-04,2.3958248488e+00
49,4.9000000000e-03,1.0000000000e-04,-9.4551348459e-02,1.3614872427e-01,1.4157401242e+00,2.7205923212e-01,-2.1215357603e-01,2.1215357603e-01,1.3245344896e+00,3.4558350166e-01,1.1760222757e-01,1.1788958008e-01,1.9245008782e-01,1.2735700968e-01,0.0000000000e+00,0.0000000000e+00,0.0000000000e+00,0.0000000000e+00,2.2652847013e-05,3.2618849673e-05,3.3918653690e-04,6.5180626867e-05,2.2652847013e-05,2.4962524021e-05,5.3711538413e-04,3.6048839220e-05,3.2227253744e-04,2.8528284016e-03,4.7810421004e-01,2.7386597918e-02,-7.9104054731e-04,7.9104054731e-04,2.0613815345e-01,1.0532829584e-02,1.1133130848e-03,2.9023504623e-03,3.7754892880e-01,2.7216413396e-02,0.0000000000e+00,0.0000000000e+00,0.0000000000e+00,0.0000000000e+00,-1.5306354061e-11,1.3549526105e-10,2.2707588971e-08,1.3007281588e-09,2.0033062307e-11,6.1902835654e-10,1.1156810253e-07,5.7375798758e-09,1.0000000000e+00,4.1921888688e+00,2.0679115636e+00,4.1921888688e+00,1.0000000000e+00,1.0000285724e+00,1.0000095586e+00,1.0000285724e+00,3.3770619471e-01,1.5563064236e-01,1.9618018005e+00,nan,6.6947200142e-05,3.0852367904e-05,3.8890947171e-04,nan,2.0771719789e-04,2.4798307897e-05,1.5916129340e-04,4.1920690912e+00,1.5835398098e+00,4.9132518065e+00,5.1497096318e-01,4.7925304083e-01,3.7900765630e-01,7.3855139476e-01,4.0967470492e-01,391926,42,50,54,-1.1156810253e-07,7.6953510868e-01,5.1491390308e-01,3.2565701680e-02,-3.3913878750e+00,-9.8087866700e-02,-3.7511546830e-01,-4.7320333500e-01,-2.6921171398e-04,447024,48,48,48,-5.3711538413e-04,9.9902076929e-01,5.9459103396e-01,5.3752282669e-02,-2.8681182581e+00,-1.3245344896e+00,-9.1205634588e-02,-1.4157401242e+00,3.2350559230e-04,2.8015216994e-02,5.4075788261e-02,1.4027784934e-04,3.3262181057e-04,0,0,0,2.3958248488e-04,3.1921888688e+00,3.1924284512e+00,9.3176175816e-08,2.8572417675e-05,2.8665593851e-05,4.7495061735e-04,2.3958248488e+00
50,5.0000000000e-03,1.0000000000e-04,-9.4483086463e-02,1.3605003958e-01,1.4182195129e+00,2.7168372867e-01,-2.1210216634e-01,2.1210216634e-01,1.3274936507e+00,3.4527787564e-01,1.1761907988e-01,1.1790483600e-01,1.9245007389e-01,1.2736760158e-01,0.0000000000e+00,0.0000000000e+00,0.0000000000e+00,0.0000000000e+00,2.2636492634e-05,3.2595206550e-05,3.3978055501e-04,6.5090662818e-05,2.2636492634e-05,2.4942053491e-05,5.2842388646e-04,3.5909959050e-05,3.2426506354e-04,2.8525730263e-03,4.7779321114e-01,2.7380137344e-02,-7.8904856146e-04,7.8904856146e-04,2.0561103050e-01,1.0505876697e-02,1.1133136250e-03,2.9023511820e-03,3.7754892941e-01,2.7216416437e-02,0.0000000000e+00,0.0000000000e+00,0.0000000000e+00,0.0000000000e+00,-1.5400989211e-11,1.3548313199e-10,2.2692818059e-08,1.3004213135e-09,1.5411037992e-11,6.1277527637e-10,1.1154295210e-07,5.7353044971e-09,1.0000000000e+00,4.1921888688e+00,2.0679115636e+00,4.1921888688e+00,1.0000000000e+00,1.0000285724e+00,1.0000095586e+00,1.0000285724e+00,3.3689651482e-01,1.5488663949e-01,1.9618019457e+00,nan,6.6786688423e-05,3.0704876060e-05,3.8890950049e-04,nan,2.1108612793e-04,2.4567956146e-05,1.5971347918e-04,4.1920690912e+00,1.5551916632e+00,4.9153415766e+00,5.1088924023e-01,4.7828593856e-01,3.6115723776e-01,7.3834124554e-01,4.0880835139e-01,391154,42,42,50,-1.1154295210e-07,7.6953499711e-01,5.1479738237e-01,3.2296489966e-02,-3.3999671945e+00,-9.7817512547e-02,-3.7511544024e-01,-4.7293295279e-01,-2.6587946475e-04,447024,48,48,48,-5.2842388646e-04,9.9902073142e-01,5.9405391858e-01,5.4075788261e-02,-2.8617759025e+00,-1.3274936507e+00,-9.0725862202e-02,-1.4182195129e+00,2.6734882814e-04,2.7994341151e-02,5.4343137089e-02,1.3819846582e-04,3.3262500783e-04,0,0,0,2.3958248488e-04,3.1921888688e+00,3.1924284512e+00,9.3176175816e-08,2.8572417675e-05,2.8665593851e-05,4.7495061735e-04,2.3958248488e+00
51,5.1000000000e-03,1.0000000000e-04,-9.4403387623e-02,1.3593941314e-01,1.4203466883e+00,2.7128529190e-01,-2.1203933948e-01,2.1203933948e-01,1.3300934704e+00,3.4494902387e-01,1.1763595186e-01,1.1792011474e-01,1.9245006956e-01,1.2737823156e-01,0.0000000000e+00,0.0000000000e+00,0.0000000000e+00,0.0000000000e+00,2.2617398188e-05,3.2568702394e-05,3.4029018897e-04,6.4995204345e-05,2.2617398188e-05,2.4919314854e-05,5.2007966479e-04,3.5771679128e-05,3.2624756239e-04,2.8523198869e-03,4.7748276581e-01,2.7373732791e-02,-7.8706658518e-04,7.8706658518e-04,2.0508954684e-01,1.0479136487e-02,1.1133141476e-03,2.9023518829e-03,3.7754893001e-01,2.7216419479e-02,0.0000000000e+00,0.0000000000e+00,0.0000000000e+00,0.0000000000e+00,-1.5495148117e-11,1.3547110912e-10,2.2678073440e-08,1.3001171288e-09,1.1339112496e-11,6.0727172583e-10,1.1152395096e-07,5.7335757640e-09,1.0000000000e+00,4.1921888688e+00,2.0679115636e+00,4.1921888688e+00,1.0000000000e+00,1.0000285724e+00,1.0000095586e+00,1.0000285724e+00,3.3617339327e-01,1.5419183043e-01,1.9618019930e+00,nan,6.6643336113e-05,3.0567136445e-05,3.8890950986e-04,nan,2.1443628450e-04,2.4369519362e-05,1.6028254484e-04,4.1920690912e+00,1.5283416380e+00,4.9176995242e+00,5.0550564860e-01,4.7595877909e-01,3.4302002170e-01,7.3812787804e-01,4.0802268118e-01,392302,42,54,46,-1.1152395096e-07,7.6953488557e-01,5.1468025448e-01,3.2030610502e-02,-3.4085084406e+00,-9.7546939339e-02,-3.7511541219e-01,-4.7266235153e-01,-2.6098175752e-04,447024,48,48,48,-5.2007966479e-04,9.9902069854e-01,5.9352549469e-01,5.4343137089e-02,-2.8565614460e+00,-1.3300934704e+00,-9.0253217889e-02,-1.4203466883e+00,2.1422612948e-04,2.7984197944e-02,5.4557363219e-02,1.3574131372e-04,3.3262774697e-04,0,0,0,2.3958248488e-04,3.1921888688e+00,3.1924284512e+00,9.3176175816e-08,2.8572417675e-05,2.8665593851e-05,4.7495061735e-04,2.3958248488e+00
52,5.2000000000e-03,1.0000000000e-04,-9.4313391238e-02,1.3581818726e-01,1.4221487363e+00,2.7086781052e-01,-2.1196623567e-01,2.1196623567e-01,1.3323613113e+00,3.4460042590e-01,1.1765284443e-01,1.1793541699e-01,1.9245008611e-01,1.2738890006e-01,0.0000000000e+00,0.0000000000e+00,0.0000000000e+00,0.0000000000e+00,2.2595836631e-05,3.2539658796e-05,3.4072192812e-04,6.4895183119e-05,2.2595836631e-05,2.4894633330e-05,5.1206376358e-04,3.5634037537e-05,3.2820887977e-04,2.8520714529e-03,4.7717507392e-01,2.7367433017e-02,-7.8510577482e-04,7.8510577482e-04,2.0457632477e-01,1.0452752937e-02,1.1133146546e-03,2.9023525672e-03,3.7754893061e-01,2.7216422524e-02,0.0000000000e+00,0.0000000000e+00,0.0000000000e+00,0.0000000000e+00,-1.5588301007e-11,1.3545930973e-10,2.2663459594e-08,1.2998179207e-09,7.7424771649e-12,6.0245008491e-10,1.1151016688e-07,5.7322764929e-09,1.0000000000e+00,4.1921888688e+00,2.0679115636e+00,4.1921888688e+00,1.0000000000e+00,1.0000285724e+00,1.0000095586e+00,1.0000285724e+00,3.3553106067e-01,1.5354417982e-01,1.9618018274e+00,nan,6.6515999483e-05,3.0438745567e-05,3.8890947703e-04,nan,2.1776617447e-04,2.4199998325e-05,1.6086519769e-04,4.1920690912e+00,1.5028788033e+00,4.9202623463e+00,5.0012502539e-01,4.7353288269e-01,3.2468999119e-01,7.3798082360e-01,4.0733213626e-01,464886,50,42,54,-1.1151016688e-07,7.6953477404e-01,5.1456253159e-01,3.1769628744e-02,-3.4169592833e+00,-9.7278121066e-02,-3.7511538413e-01,-4.7239350520e-01,-2.5481874353e-04,447024,48,48,48,-5.1206376358e-04,9.9902067006e-01,5.9300541503e-01,5.4557363219e-02,-2.8524005323e+00,-1.3323613113e+00,-8.9787424978e-02,-1.4221487363e+00,1.6454125614e-04,2.7984901282e-02,5.4721904475e-02,1.3293072585e-04,3.3263008048e-04,0,0,0,2.3958248488e-04,3.1921888688e+00,3.1924284512e+00,9.3176175816e-08,2.8572417675e-05,2.8665593851e-05,4.7495061735e-04,2.3958248488e+00
53,5.3000000000e-03,1.0000000000e-04,-9.4214247442e-02,1.3568774697e-01,1.4236523182e+00,2.7043506600e-01,-2.1188400569e-01,2.1188400569e-01,1.3343240968e+00,3.4423549554e-01,1.1766975825e-01,1.1795074324e-01,1.9245008948e-01,1.2739960734e-01,0.0000000000e+00,0.0000000000e+00,0.0000000000e+00,0.0000000000e+00,2.2572083514e-05,3.2508407588e-05,3.4108216001e-04,6.4791505112e-05,2.2572083514e-05,2.4868261097e-05,5.0435812535e-04,3.5497107485e-05,3.3013945781e-04,2.8518297949e-03,4.7687202736e-01,2.7361278899e-02,-7.8317569015e-04,7.8317569015e-04,2.0407356371e-01,1.0426848319e-02,1.1133151480e-03,2.9023532371e-03,3.7754893122e-01,2.7216425570e-02,0.0000000000e+00,0.0000000000e+00,0.0000000000e+00,0.0000000000e+00,-1.5679993930e-11,1.3544783217e-10,2.2649066379e-08,1.2995256304e-09,4.5663483170e-12,5.9820906597e-10,1.1150097290e-07,5.7313138570e-09,1.0000000000e+00,4.1921888688e+00,2.0679115636e+00,4.1921888688e+00,1.0000000000e+00,1.0000285724e+00,1.0000095586e+00,1.0000285724e+00,3.3496382597e-01,1.5294152612e-01,1.9618017962e+00,nan,6.6403550332e-05,3.0319274919e-05,3.8890947086e-04,nan,2.2107500067e-04,2.4055122456e-05,1.6145861629e-04,4.1920690912e+00,1.4786998105e+00,4.9229831831e+00,4.9518844820e-01,4.7139260042e-01,3.0611682129e-01,7.3784555924e-01,4.0670488678e-01,391154,42,42,50,-1.1150097290e-07,7.6953466253e-01,5.1444423056e-01,3.1514810001e-02,-3.4252755970e+00,-9.7012762837e-02,-3.7511535609e-01,-4.7212811892e-01,-2.4765447595e-04,447024,48,48,48,-5.0435812535e-04,9.9902064547e-01,5.9249335126e-01,5.4721904475e-02,-2.8492150885e+00,-1.3343240968e+00,-8.9328221372e-02,-1.4236523182e+00,1.1858648265e-04,2.7996382802e-02,5.4840490957e-02,1.2979168697e-04,3.3263205373e-04,0,0,0,2.3958248488e-04,3.1921888688e+00,3.1924284512e+00,9.3176175816e-08,2.8572417675e-05,2.8665593851e-05,4.7495061735e-04,2.3958248488e+00
54,5.4000000000e-03,1.0000000000e-04,-9.4107108398e-02,1.3554942588e-01,1.4248834388e+00,2.6999071403e-01,-2.1179380215e-01,2.1179380215e-01,1.3360080799e+00,3.4385756092e-01,1.1768669375e-01,1.1796609379e-01,1.9245008020e-01,1.2741035346e-01,0.0000000000e+00,0.0000000000e+00,0.0000000000e+00,0.0000000000e+00,2.2546414875e-05,3.2475268278e-05,3.4137711495e-04,6.4685046162e-05,2.2546414875e-05,2.4840343592e-05,4.9694557342e-04,3.5360990377e-05,3.3203117719e-04,2.8515966143e-03,4.7657523445e-01,2.7355304124e-02,-7.8128445209e-04,7.8128445209e-04,2.0358308549e-01,1.0401525421e-02,1.1133156293e-03,2.9023538941e-03,3.7754893182e-01,2.7216428617e-02,0.0000000000e+00,0.0000000000e+00,0.0000000000e+00,0.0000000000e+00,-1.5769841259e-11,1.3543675724e-10,2.2634970181e-08,1.2992418582e-09,1.7829908873e-12,5.9450000352e-10,1.1149473600e-07,5.7306151158e-09,1.0000000000e+00,4.1921888688e+00,2.0679115636e+00,4.1921888688e+00,1.0000000000e+00,1.0000285724e+00,1.0000095586e+00,1.0000285724e+00,3.3446611944e-01,1.5238162744e-01,1.9618018939e+00,nan,6.6304884512e-05,3.0208280068e-05,3.8890949022e-04,nan,2.2436005463e-04,2.3932841400e-05,1.6206036807e-04,4.1920690912e+00,1.4557085161e+00,4.9257734870e+00,4.8982852440e-01,4.6853836466e-01,2.8732367485e-01,7.3771294423e-01,4.0614787284e-01,391150,42,42,46,-1.1149473600e-07,7.6953455103e-01,5.1432537223e-01,3.1267155525e-02,-3.4334206692e+00,-9.6752321581e-02,-3.7511532804e-01,-4.7186764962e-01,-2.3971820770e-04,447024,48,48,48,-4.9694557342e-04,9.9902062433e-01,5.9198899314e-01,5.4840490957e-02,-2.8469248987e+00,-1.3360080799e+00,-8.8875358948e-02,-1.4248834388e+00,7.6551152526e-05,2.8018391154e-02,5.4917042110e-02,1.2635003903e-04,3.3263370784e-04,0,0,0,2.3958248488e-04,3.1921888688e+00,3.1924284512e+00,9.3176175816e-08,2.8572417675e-05,2.8665593851e-05,4.7495061735e-04,2.3958248488e+00
55,5.5000000000e-03,1.0000000000e-04,-9.3993119799e-02,1.3540456992e-01,1.4258672769e+00,2.6953826813e-01,-2.1169677093e-01,2.1169677093e-01,1.3374386740e+00,3.4346984612e-01,1.1770365113e-01,1.1798147037e-01,1.9245006417e-01,1.2742113830e-01,0.0000000000e+00,0.0000000000e+00,0.0000000000e+00,0.0000000000e+00,2.2519105203e-05,3.2440563325e-05,3.4161282532e-04,6.4576648050e-05,2.2519105203e-05,2.4810939943e-05,4.8980978758e-04,3.5225808982e-05,3.3387719740e-04,2.8513732726e-03,4.7628604543e-01,2.7349535896e-02,-7.7943890271e-04,7.7943890271e-04,2.0310638038e-01,1.0376869800e-02,1.1133161001e-03,2.9023545400e-03,3.7754893242e-01,2.7216431666e-02,0.0000000000e+00,0.0000000000e+00,0.0000000000e+00,0.0000000000e+00,-1.5857518102e-11,1.3542614961e-10,2.2621235131e-08,1.2989678958e-09,-6.5681765906e-13,5.9124082925e-10,1.1149076506e-07,5.7301229344e-09,1.0000000000e+00,4.1921888688e+00,2.0679115636e+00,4.1921888688e+00,1.0000000000e+00,1.0000285724e+00,1.0000095586e+00,1.0000285724e+00,3.3403252402e-01,1.5186220073e-01,1.9618020605e+00,nan,6.6218928138e-05,3.0105308418e-05,3.8890952324e-04,nan,2.2762053330e-04,2.3829844037e-05,1.6266831337e-04,4.1920690912e+00,1.4338155692e+00,4.9285887538e+00,4.8320886011e-01,4.6407342193e-01,2.6834430182e-01,7.3758613494e-01,4.0564069221e-01,428010,46,42,42,-1.1149076506e-07,7.6953443954e-01,5.1420598070e-01,3.1027437317e-02,-3.4413644086e+00,-9.6498027780e-02,-3.7511530000e-01,-4.7161332778e-01,-2.3120623159e-04,447024,48,48,48,-4.8980978758e-04,9.9902060624e-01,5.9149204756e-01,5.4917042110e-02,-2.8454489885e+00,-1.3374386740e+00,-8.8428602951e-02,-1.4258672769e+00,3.8532166316e-05,2.8050496740e-02,5.4955574276e-02,1.2263261115e-04,3.3263507425e-04,0,0,0,2.3958248488e-04,3.1921888688e+00,3.1924284512e+00,9.3176175816e-08,2.8572417675e-05,2.8665593851e-05,4.7495061735e-04,2.3958248488e+00
56,5.6000000000e-03,1.0000000000e-04,-9.3873412749e-02,1.3525448612e-01,1.4266280642e+00,2.6908108533e-01,-2.1159404313e-01,2.1159404313e-01,1.3386403328e+00,3.4307545461e-01,1.1772063038e-01,1.1799688825e-01,1.9245008355e-01,1.2743196155e-01,0.0000000000e+00,0.0000000000e+00,0.0000000000e+00,0.0000000000e+00,2.2490425491e-05,3.2404605876e-05,3.4179509663e-04,6.4467115058e-05,2.2490425491e-05,2.4780326952e-05,4.8293527561e-04,3.5091700896e-05,3.3567179748e-04,2.8511608228e-03,4.7600557873e-01,2.7343995628e-02,-7.7764476428e-04,7.7764476428e-04,2.0264465305e-01,1.0352952015e-02,1.1133165618e-03,2.9023551761e-03,3.7754893303e-01,2.7216434715e-02,0.0000000000e+00,0.0000000000e+00,0.0000000000e+00,0.0000000000e+00,-1.5942752744e-11,1.3541605929e-10,2.2607914348e-08,1.2987047604e-09,-2.8068825208e-12,5.8835727625e-10,1.1148966672e-07,5.7297900051e-09,1.0000000000e+00,4.1921888688e+00,2.0679115636e+00,4.1921888688e+00,1.0000000000e+00,1.0000285724e+00,1.0000095586e+00,1.0000285724e+00,3.3365779818e-01,1.5138095580e-01,1.9618018660e+00,nan,6.6144642129e-05,3.0009905960e-05,3.8890948470e-04,nan,2.3085840350e-04,2.3742918219e-05,1.6328048681e-04,4.1920690912e+00,1.4129379864e+00,4.9314441396e+00,4.7529733112e-01,4.5798470811e-01,2.4922721007e-01,7.3746670767e-01,4.0517814694e-01,391542,42,46,54,-1.1148966672e-07,7.6953432804e-01,5.1408608276e-01,3.0796231085e-02,-3.4490825625e+00,-9.6250907890e-02,-3.7511527195e-01,-4.7136617984e-01,-2.2228408338e-04,447024,48,48,48,-4.8293527561e-04,9.9902059086e-01,5.9100223778e-01,5.4955574276e-02,-2.8447068193e+00,-1.3386403328e+00,-8.7987731398e-02,-1.4266280642e+00,4.5456305886e-06,2.8048484544e-02,5.4960119907e-02,1.1866728594e-04,3.3263618590e-04,0,0,0,2.3958248488e-04,3.1921888688e+00,3.1924284512e+00,9.3176175816e-08,2.8572417675e-05,2.8665593851e-05,4.7495061735e-04,2.3958248488e+00
57,5.7000000000e-03,1.0000000000e-04,-9.3749096057e-02,1.3510049756e-01,1.4271890016e+00,2.6862235381e-01,-2.1148672732e-01,2.1148672732e-01,1.3396364671e+00,3.4267735450e-01,1.1773763127e-01,1.1801233038e-01,1.9245008973e-01,1.2744282273e-01,0.0000000000e+00,0.0000000000e+00,0.0000000000e+00,0.0000000000e+00,2.2460641389e-05,3.2367712915e-05,3.4192948739e-04,6.4357211021e-05,2.2460641389e-05,2.4748742416e-05,4.7630734228e-04,3.4958812412e-05,3.3741022042e-04,2.8509600403e-03,4.7573474746e-01,2.7338699638e-02,-7.7590679496e-04,7.7590679496e-04,2.0219886789e-01,1.0329829792e-02,1.1133170154e-03,2.9023558036e-03,3.7754893363e-01,2.7216437766e-02,0.0000000000e+00,0.0000000000e+00,0.0000000000e+00,0.0000000000e+00,-1.6025319249e-11,1.3540652312e-10,2.2595051200e-08,1.2984532270e-09,-4.7019603642e-12,5.8582711714e-10,1.1149071744e-07,5.7295795358e-09,1.0000000000e+00,4.1921888688e+00,2.0679115636e+00,4.1921888688e+00,1.0000000000e+00,1.0000285724e+00,1.0000095586e+00,1.0000285724e+00,3.3333689297e-01,1.5093562534e-01,1.9618018062e+00,nan,6.6081025571e-05,2.9921623223e-05,3.8890947284e-04,nan,2.3407306069e-04,2.3670985269e-05,1.6389514232e-04,4.1920690912e+00,1.3929987317e+00,4.9342980660e+00,4.6571419487e-01,4.4993988504e-01,2.3003551206e-01,7.3735547324e-01,4.0475957183e-01,391154,42,42,50,-1.1149071744e-07,7.6953421656e-01,5.1396570735e-01,3.0573947002e-02,-3.4565559573e+00,-9.6011807059e-02,-3.7511524391e-01,-4.7112705097e-01,-2.1308897566e-04,447024,48,48,48,-4.7630734228e-04,9.9902057787e-01,5.9051930250e-01,5.4960119907e-02,-2.8446192981e+00,-1.3396364671e+00,-8.7552534488e-02,-1.4271890016e+00,-2.5460997307e-05,2.7948610989e-02,5.4934658909e-02,1.1448296722e-04,3.3263707349e-04,0,0,0,2.3958248488e-04,3.1921888688e+00,3.1924284512e+00,9.3176175816e-08,2.8572417675e-05,2.8665593851e-05,4.7495061735e-04,2.3958248488e+00
58,5.8000000000e-03,1.0000000000e-04,-9.3621249048e-02,1.3494384141e-01,1.4275722033e+00,2.6816508248e-01,-2.1137590244e-01,2.1137590244e-01,1.3404493892e+00,3.4227836557e-01,1.1775465339e-01,1.1802779638e-01,1.9245008383e-01,1.2745372120e-01,0.0000000000e+00,0.0000000000e+00,0.0000000000e+00,0.0000000000e+00,2.2430011485e-05,3.2330180844e-05,3.4202129581e-04,6.4247656819e-05,2.2430011485e-05,2.4716235328e-05,4.6991205768e-04,3.4827292930e-05,3.3908852367e-04,2.8507714555e-03,4.7547428565e-01,2.7333659823e-02,-7.7422893828e-04,7.7422893828e-04,2.0176979261e-01,1.0307550111e-02,1.1133174620e-03,2.9023564236e-03,3.7754893423e-01,2.7216440817e-02,0.0000000000e+00,0.0000000000e+00,0.0000000000e+00,0.0000000000e+00,-1.6105030366e-11,1.3539756627e-10,2.2582680550e-08,1.2982138608e-09,-6.3701851197e-12,5.8360919245e-10,1.1149269608e-07,5.7294626824e-09,1.0000000000e+00,4.1921888688e+00,2.0679115636e+00,4.1921888688e+00,1.0000000000e+00,1.0000285724e+00,1.0000095586e+00,1.0000285724e+00,3.3306496481e-01,1.5052399160e-01,1.9618018695e+00,nan,6.6027118273e-05,2.9840020556e-05,3.8890948538e-04,nan,2.3726289686e-04,2.3612382092e-05,1.6451070986e-04,4.1920690912e+00,1.3739263123e+00,4.9370886608e+00,4.5454924481e-01,4.4010632360e-01,2.1084636122e-01,7.3725962439e-01,4.0438144555e-01,428010,46,42,42,-1.1149269608e-07,7.6953410506e-01,5.1384488508e-01,3.0360858026e-02,-3.4637697698e+00,-9.5781411781e-02,-3.7511521587e-01,-4.7089662765e-01,-2.0373236605e-04,447024,48,48,48,-4.6991205768e-04,9.9902056699e-01,5.9004299516e-01,5.4934658909e-02,-2.8451096100e+00,-1.3404493892e+00,-8.7122814032e-02,-1.4275722033e+00,-5.1596814356e-05,2.7854530621e-02,5.4883062095e-02,1.1010946671e-04,3.3263776280e-04,0,0,0,2.3958248488e-04,3.1921888688e+00,3.1924284512e+00,9.3176175816e-08,2.8572417675e-05,2.8665593851e-05,4.7495061735e-04,2.3958248488e+00
59,5.9000000000e-03,1.0000000000e-04,-9.3490914916e-02,1.3478567587e-01,1.4277986628e+00,2.6771209239e-01,-2.1126261107e-01,2.1126261107e-01,1.3411002799e+00,3.4188114810e-01,1.1777169616e-01,1.1804328571e-01,1.9245006483e-01,1.2746465618e-01,0.0000000000e+00,0.0000000000e+00,0.0000000000e+00,0.0000000000e+00,2.2398785710e-05,3.2292287152e-05,3.4207555155e-04,6.4139128329e-05,2.2398785710e-05,2.4682947180e-05,4.6373622554e-04,3.4697289974e-05,3.4070343808e-04,2.8505953856e-03,4.7522477398e-01,2.7328884317e-02,-7.7261446428e-04,7.7261446428e-04,2.0135803957e-01,1.0286151161e-02,1.1133179024e-03,2.9023570369e-03,3.7754893484e-01,2.7216443869e-02,0.0000000000e+00,0.0000000000e+00,0.0000000000e+00,0.0000000000e+00,-1.6181730825e-11,1.3538920382e-10,2.2570829978e-08,1.2979870478e-09,-7.8480698644e-12,5.8166774826e-10,1.1149526324e-07,5.7294164899e-09,1.0000000000e+00,4.1921888688e+00,2.0679115636e+00,4.1921888688e+00,1.0000000000e+00,1.0000285724e+00,1.0000095586e+00,1.0000285724e+00,3.3283738552e-01,1.5014390988e-01,1.9618020663e+00,nan,6.5982002736e-05,2.9764672791e-05,3.8890952440e-04,nan,2.4042819410e-04,2.3565571162e-05,1.6512576326e-04,4.1920690912e+00,1.3556543969e+00,4.9397945646e+00,4.4190029053e-01,4.2865667996e-01,1.9172488245e-01,7.3717462316e-01,4.0403834182e-01,391154,42,42,50,-1.1149526324e-07,7.6953399357e-01,5.1372364788e-01,3.0157125660e-02,-3.4707128376e+00,-9.5560272110e-02,-3.7511518782e-01,-4.7067545993e-01,-1.9430258924e-04,447024,48,48,48,-4.6373622554e-04,9.9902055798e-01,5.8957308310e-01,5.4883062095e-02,-2.8461038856e+00,-1.3411002799e+00,-8.6698382895e-02,-1.4277986628e+00,-7.4015852857e-05,2.7767346065e-02,5.4809046242e-02,1.0557730740e-04,3.3263827632e-04,0,0,0,2.3958248488e-04,3.1921888688e+00,3.1924284512e+00,9.3176175816e-08,2.8572417675e-05,2.8665593851e-05,4.7495061735e-04,2.3958248488e+00
60,6.0000000000e-03,1.0000000000e-04,-9.3359094686e-02,1.3462718337e-01,1.4278882346e+00,2.6726600989e-01,-2.1114785351e-01,2.1114785351e-01,1.3416091702e+00,3.4148819351e-01,1.1778875883e-01,1.1805879769e-01,1.9245007920e-01,1.2747562675e-01,0.0000000000e+00,0.0000000000e+00,0.0000000000e+00,0.0000000000e+00,2.2367203891e-05,3.2254315123e-05,3.4209701139e-04,6.4032254774e-05,2.2367203891e-05,2.4649078050e-05,4.5776735232e-04,3.4568944881e-05,3.4225223739e-04,2.8504319673e-03,4.7498666438e-01,2.7324378113e-02,-7.7106609991e-04,7.7106609991e-04,2.0096410383e-01,1.0265664150e-02,1.1133183373e-03,2.9023576445e-03,3.7754893544e-01,2.7216446922e-02,0.0000000000e+00,0.0000000000e+00,0.0000000000e+00,0.0000000000e+00,-1.6255291144e-11,1.3538144226e-10,2.2559520948e-08,1.2977730253e-09,-9.1553755749e-12,5.7998498440e-10,1.1149830026e-07,5.7294229420e-09,1.0000000000e+00,4.1921888688e+00,2.0679115636e+00,4.1921888688e+00,1.0000000000e+00,1.0000285724e+00,1.0000095586e+00,1.0000285724e+00,3.3264975007e-01,1.4979332901e-01,1.9618019229e+00,nan,6.5944805704e-05,2.9695173303e-05,3.8890949597e-04,nan,2.4356979521e-04,2.3529682661e-05,1.6573901696e-04,4.1920690912e+00,1.3381214599e+00,4.9424054933e+00,4.2809294471e-01,4.1599177176e-01,1.7274383883e-01,7.3709732881e-01,4.0372566371e-01,391150,42,42,46,-1.1149830026e-07,7.6953388208e-01,5.1360202863e-01,2.9962823071e-02,-3.4773770153e+00,-9.5348823057e-02,-3.7511515978e-01,-4.7046398283e-01,-1.8486750081e-04,447024,48,48,48,-4.5776735232e-04,9.9902055062e-01,5.8910934687e-01,5.4809046242e-02,-2.8475317168e+00,-1.3416091702e+00,-8.6279064460e-02,-1.4278882346e+00,-9.2906250464e-05,2.7688099812e-02,5.4716139992e-02,1.0091746112e-04,3.3263863317e-04,0,0,0,2.3958248488e-04,3.1921888688e+00,3.1924284512e+00,9.3176175816e-08,2.8572417675e-05,2.8665593851e-05,4.7495061735e-04,2.3958248488e+00
61,6.1000000000e-03,1.0000000000e-04,-9.3226741834e-02,1.3446946104e-01,1.4278596284e+00,2.6682926136e-01,-2.1103258235e-01,2.1103258235e-01,1.3419949363e+00,3.4110181672e-01,1.1780584051e-01,1.1807433152e-01,1.9245008922e-01,1.2748663185e-01,0.0000000000e+00,0.0000000000e+00,0.0000000000e+00,0.0000000000e+00,2.2335494466e-05,3.2216527616e-05,3.4209015785e-04,6.3927617477e-05,2.2335494466e-05,2.4614965730e-05,4.5199361723e-04,3.4442389193e-05,3.4373262040e-04,2.8502811882e-03,4.7476030324e-01,2.7320143656e-02,-7.6958614707e-04,7.6958614707e-04,2.0058839731e-01,1.0246114939e-02,1.1133187675e-03,2.9023582469e-03,3.7754893604e-01,2.7216449975e-02,0.0000000000e+00,0.0000000000e+00,0.0000000000e+00,0.0000000000e+00,-1.6325602026e-11,1.3537428100e-10,2.2548769912e-08,1.2975719096e-09,-1.0300488485e-11,5.7853947610e-10,1.1150204382e-07,5.7294685206e-09,1.0000000000e+00,4.1921888688e+00,2.0679115636e+00,4.1921888688e+00,1.0000000000e+00,1.0000285724e+00,1.0000095586e+00,1.0000285724e+00,3.3249788269e-01,1.4947030862e-01,1.9618018239e+00,nan,6.5914699370e-05,2.9631137431e-05,3.8890947635e-04,nan,2.4668942120e-04,2.3503566182e-05,1.6634933449e-04,4.1920690912e+00,1.3212704513e+00,4.9449280052e+00,4.1355868516e-01,4.0259979065e-01,1.5397884396e-01,7.3702728836e-01,4.0344516149e-01,464886,50,42,54,-1.1150204382e-07,7.6953377058e-01,5.1348006093e-01,2.9777955570e-02,-3.4837565833e+00,-9.5147404837e-02,-3.7511513173e-01,-4.7026253657e-01,-1.7547709405e-04,447024,48,48,48,-4.5199361723e-04,9.9902054473e-01,5.8865157952e-01,5.4716139992e-02,-2.8493265336e+00,-1.3419949363e+00,-8.5864692103e-02,-1.4278596284e+00,-1.0848042190e-04,2.7617755738e-02,5.4607659570e-02,9.6161044118e-05,3.3263884500e-04,0,0,0,2.3958248488e-04,3.1921888688e+00,3.1924284512e+00,9.3176175816e-08,2.8572417675e-05,2.8665593851e-05,4.7495061735e-04,2.3958248488e+00
62,6.2000000000e-03,1.0000000000e-04,-9.3094757593e-02,1.3431353227e-01,1.4277304137e+00,2.6640406958e-01,-2.1091769778e-01,2.1091769778e-01,1.3422753051e+00,3.4072415028e-01,1.1782294019e-01,1.1808988630e-01,1.9245008742e-01,1.2749767033e-01,0.0000000000e+00,0.0000000000e+00,0.0000000000e+00,0.0000000000e+00,2.2303873354e-05,3.2179169816e-05,3.4205920027e-04,6.3825748973e-05,2.2303873354e-05,2.4580806974e-05,4.4640384324e-04,3.4317741758e-05,3.4514260704e-04,2.8501429177e-03,4.7454595285e-01,2.7316181400e-02,-7.6817658643e-04,7.6817658643e-04,2.0023163523e-01,1.0227525469e-02,1.1133191935e-03,2.9023588448e-03,3.7754893664e-01,2.7216453029e-02,0.0000000000e+00,0.0000000000e+00,0.0000000000e+00,0.0000000000e+00,-1.6392569429e-11,1.3536771383e-10,2.2538589327e-08,1.2973837219e-09,-1.1309271929e-11,5.7728762651e-10,1.1150578627e-07,5.7295430652e-09,1.0000000000e+00,4.1921888688e+00,2.0679115636e+00,4.1921888688e+00,1.0000000000e+00,1.0000285724e+00,1.0000095586e+00,1.0000285724e+00,3.3237784128e-01,1.4917329886e-01,1.9618018454e+00,nan,6.5890902245e-05,2.9572257930e-05,3.8890948061e-04,nan,2.4978679722e-04,2.3485300020e-05,1.6695571363e-04,4.1920690912e+00,1.3050484913e+00,4.9473276545e+00,3.9889126443e-01,3.8910175248e-01,1.3550199740e-01,7.3696436091e-01,4.0318560685e-01,391154,42,42,50,-1.1150578627e-07,7.6953365908e-01,5.1335777888e-01,2.9602478476e-02,-3.4898477134e+00,-9.4956281651e-02,-3.7511510368e-01,-4.7007138533e-01,-1.6616605939e-04,447024,48,48,48,-4.4640384324e-04,9.9902054013e-01,5.8819958590e-01,5.4607659570e-02,-2.8514258583e+00,-1.3422753051e+00,-8.5455108689e-02,-1.4277304137e+00,-1.2096635892e-04,2.7557181708e-02,5.4486693211e-02,9.1338983278e-05,3.3263892233e-04,0,0,0,2.3958248488e-04,3.1921888688e+00,3.1924284512e+00,9.3176175816e-08,2.8572417675e-05,2.8665593851e-05,4.7495061735e-04,2.3958248488e+00
63,6.3000000000e-03,1.0000000000e-04,-9.2963986989e-02,1.3416036564e-01,1.4275170329e+00,2.6599245146e-01,-2.1080404372e-01,2.1080404372e-01,1.3424668668e+00,3.4035714011e-01,1.1784005673e-01,1.1810546101e-01,1.9245007317e-01,1.2750874095e-01,0.0000000000e+00,0.0000000000e+00,0.0000000000e+00,0.0000000000e+00,2.2272543007e-05,3.2142473773e-05,3.4200807796e-04,6.3727132480e-05,2.2272543007e-05,2.4546751078e-05,4.4098746890e-04,3.4195106530e-05,3.4648044980e-04,2.8500169367e-03,4.7434381075e-01,2.7312490307e-02,-7.6683916603e-04,7.6683916603e-04,1.9989904964e-01,1.0209914990e-02,1.1133196158e-03,2.9023594388e-03,3.7754893725e-01,2.7216456084e-02,0.0000000000e+00,0.0000000000e+00,0.0000000000e+00,0.0000000000e+00,-1.6456110353e-11,1.3536173035e-10,2.2528988575e-08,1.2972084133e-09,-1.2199075371e-11,5.7621651148e-10,1.1150935808e-07,5.7296365181e-09,1.0000000000e+00,4.1921888688e+00,2.0679115636e+00,4.1921888688e+00,1.0000000000e+00,1.0000285724e+00,1.0000095586e+00,1.0000285724e+00,3.3228592011e-01,1.4890427062e-01,1.9618019937e+00,nan,6.5872679703e-05,2.9518925514e-05,3.8890951002e-04,nan,2.5286287240e-04,2.3474247556e-05,1.6755720626e-04,4.1920690912e+00,1.2894065881e+00,4.9495945061e+00,3.8493820547e-01,3.7634127601e-01,1.1738441982e-01,7.3690792153e-01,4.0294462256e-01,391150,42,42,46,-1.1150935808e-07,7.6953354757e-01,5.1323521691e-01,2.9436312417e-02,-3.4956479955e+00,-9.4775658709e-02,-3.7511507563e-01,-4.6989073434e-01,-1.5695626274e-04,447024,48,48,48,-4.4098746890e-04,9.9902053669e-01,5.8775318206e-01,5.4486693211e-02,-2.8537714512e+00,-1.3424668668e+00,-8.5050166089e-02,-1.4275170329e+00,-1.3060011473e-04,2.7507133614e-02,5.4356093096e-02,8.6481670249e-05,3.3263888097e-04,0,0,0,2.3958248488e-04,3.1921888688e+00,3.1924284512e+00,9.3176175816e-08,2.8572417675e-05,2.8665593851e-05,4.7495061735e-04,2.3958248488e+00
64,6.4000000000e-03,1.0000000000e-04,-9.2835215601e-02,1.3401084194e-01,1.4272348217e+00,2.6559621717e-01,-2.1069240449e-01,2.1069240449e-01,1.3425850970e+00,3.4000254294e-01,1.1785718889e-01,1.1812105992e-01,1.9245007208e-01,1.2751984238e-01,0.0000000000e+00,0.0000000000e+00,0.0000000000e+00,0.0000000000e+00,2.2241691638e-05,3.2106650512e-05,3.4194046510e-04,6.3632201684e-05,2.2241691638e-05,2.4512962110e-05,4.3573452090e-04,3.4074571042e-05,3.4774456132e-04,2.8499029652e-03,4.7415402675e-01,2.7309068311e-02,-7.6557547366e-04,7.6557547366e-04,1.9958588609e-01,1.0193301046e-02,1.1133200350e-03,2.9023600294e-03,3.7754893785e-01,2.7216459138e-02,0.0000000000e+00,0.0000000000e+00,0.0000000000e+00,0.0000000000e+00,-1.6516149408e-11,1.3535631727e-10,2.2519974772e-08,1.2970458854e-09,-1.2983831975e-11,5.7531417075e-10,1.1151289170e-07,5.7297423154e-09,1.0000000000e+00,4.1921888688e+00,2.0679115636e+00,4.1921888688e+00,1.0000000000e+00,1.0000285724e+00,1.0000095586e+00,1.0000285724e+00,3.3221865073e-01,1.4865790372e-01,1.9618020080e+00,nan,6.5859344157e-05,2.9470085503e-05,3.8890951284e-04,nan,2.5591934159e-04,2.3469793988e-05,1.6815302850e-04,4.1920690912e+00,1.2742993748e+00,4.9517325319e+00,3.7406655562e-01,3.6663244000e-01,9.9711010354e-02,7.3686676783e-01,4.0272329500e-01,502506,54,50,42,-1.1151289170e-07,7.6953343606e-01,5.1311240968e-01,2.9279356154e-02,-3.5011560279e+00,-9.4605697270e-02,-3.7511504758e-01,-4.6972074485e-01,-1.4785912265e-04,447024,48,48,48,-4.3573452090e-04,9.9902053427e-01,5.8731219459e-01,5.4356093096e-02,-2.8563093627e+00,-1.3425850970e+00,-8.4649724707e-02,-1.4272348217e+00,-1.3761947351e-04,2.7468241196e-02,5.4218473623e-02,8.1618623788e-05,3.3263874402e-04,0,0,0,2.3958248488e-04,3.1921888688e+00,3.1924284512e+00,9.3176175816e-08,2.8572417675e-05,2.8665593851e-05,4.7495061735e-04,2.3958248488e+00
65,6.5000000000e-03,1.0000000000e-04,-9.2709167081e-02,1.3386577792e-01,1.4268980367e+00,2.6521697055e-01,-2.1058350246e-01,2.1058350246e-01,1.3426443836e+00,3.3966192522e-01,1.1787433537e-01,1.1813668108e-01,1.9245008684e-01,1.2753097325e-01,0.0000000000e+00,0.0000000000e+00,0.0000000000e+00,0.0000000000e+00,2.2211492621e-05,3.2071895715e-05,3.4185977730e-04,6.3541340837e-05,2.2211492621e-05,2.4479542686e-05,4.3063558713e-04,3.3956205505e-05,3.4893345877e-04,2.8498006882e-03,4.7397671744e-01,2.7305912714e-02,-7.6438699256e-04,7.6438699256e-04,1.9929235247e-01,1.0177700244e-02,1.1133204513e-03,2.9023606169e-03,3.7754893845e-01,2.7216462193e-02,0.0000000000e+00,0.0000000000e+00,0.0000000000e+00,0.0000000000e+00,-1.6572616166e-11,1.3535145962e-10,2.2511553456e-08,1.2968960101e-09,-1.3677941312e-11,5.7454994485e-10,1.1151639157e-07,5.7298540592e-09,1.0000000000e+00,4.1921888688e+00,2.0679115636e+00,4.1921888688e+00,1.0000000000e+00,1.0000285724e+00,1.0000095586e+00,1.0000285724e+00,3.3217280090e-01,1.4843271599e-01,1.9618018606e+00,nan,6.5850254843e-05,2.9425444071e-05,3.8890948363e-04,nan,2.5895767767e-04,2.3470615943e-05,1.6874247208e-04,4.1920690912e+00,1.2596848642e+00,4.9537403887e+00,3.6561685816e-01,3.5934056171e-01,8.2527494019e-02,7.3683244953e-01,4.0251374935e-01,391150,42,42,46,-1.1151639157e-07,7.6953332455e-01,5.1298939202e-01,2.9131497031e-02,-3.5063710737e+00,-9.4446527515e-02,-3.7511501953e-01,-4.6956154705e-01,-1.3887786888e-04,447024,48,48,48,-4.3063558713e-04,9.9902053275e-01,5.8687646007e-01,5.4218473623e-02,-2.8589899056e+00,-1.3426443836e+00,-8.4253653030e-02,-1.4268980367e+00,-1.4225876448e-04,2.7440995992e-02,5.4076214858e-02,7.6778169375e-05,3.3263853220e-04,0,0,0,2.3958248488e-04,3.1921888688e+00,3.1924284512e+00,9.3176175816e-08,2.8572417675e-05,2.8665593851e-05,4.7495061735e-04,2.3958248488e+00
66,6.6000000000e-03,1.0000000000e-04,-9.2586501393e-02,1.3372590303e-01,1.4265198881e+00,2.6485611071e-01,-2.1047799618e-01,2.1047799618e-01,1.3426580609e+00,3.3933666350e-01,1.1789149478e-01,1.1815231873e-01,1.9245008934e-01,1.2754213212e-01,0.0000000000e+00,0.0000000000e+00,0.0000000000e+00,0.0000000000e+00,2.2182104070e-05,3.2038384141e-05,3.4176917954e-04,6.3454885140e-05,2.2182104070e-05,2.4446662342e-05,4.2568179007e-04,3.3840062486e-05,3.5004572497e-04,2.8497097788e-03,4.7381197803e-01,2.7303020536e-02,-7.6327514025e-04,7.6327514025e-04,1.9901864529e-01,1.0163128776e-02,1.1133208652e-03,2.9023612018e-03,3.7754893905e-01,2.7216465249e-02,0.0000000000e+00,0.0000000000e+00,0.0000000000e+00,0.0000000000e+00,-1.6625443317e-11,1.3534714187e-10,2.2503729147e-08,1.2967586459e-09,-1.4291901681e-11,5.7390470153e-10,1.1151973311e-07,5.7299672296e-09,1.0000000000e+00,4.1921888688e+00,2.0679115636e+00,4.1921888688e+00,1.0000000000e+00,1.0000285724e+00,1.0000095586e+00,1.0000285724e+00,3.3214537138e-01,1.4822734923e-01,1.9618018383e+00,nan,6.5844817189e-05,2.9384731968e-05,3.8890947921e-04,nan,2.6197910204e-04,2.3475789599e-05,1.6932496008e-04,4.1920690912e+00,1.2455242180e+00,4.9556112404e+00,3.5734926309e-01,3.5229957112e-01,6.5885252464e-02,7.3680191247e-01,4.0231490773e-01,464886,50,42,54,-1.1151973311e-07,7.6953321303e-01,5.1286619887e-01,2.8992619162e-02,-3.5112927836e+00,-9.4298259117e-02,-3.7511499148e-01,-4.6941325060e-01,-1.3000966706e-04,447024,48,48,48,-4.2568179007e-04,9.9902053201e-01,5.8644582448e-01,5.4076214858e-02,-2.8617675627e+00,-1.3426580609e+00,-8.3861827196e-02,-1.4265198881e+00,-1.4474475006e-04,2.7425741772e-02,5.3931470108e-02,7.1987139495e-05,3.3263825464e-04,0,0,0,2.3958248488e-04,3.1921888688e+00,3.1924284512e+00,9.3176175816e-08,2.8572417675e-05,2.8665593851e-05,4.7495061735e-04,2.3958248488e+00
67,6.7000000000e-03,1.0000000000e-04,-9.2467813778e-02,1.3359185453e-01,1.4261125793e+00,2.6451483474e-01,-2.1037647946e-01,2.1037647946e-01,1.3426384488e+00,3.3902794629e-01,1.1790866569e-01,1.1816797160e-01,1.9245007976e-01,1.2755331755e-01,0.0000000000e+00,0.0000000000e+00,0.0000000000e+00,0.0000000000e+00,2.2153668597e-05,3.2006268469e-05,3.4167159548e-04,6.3373121397e-05,2.2153668597e-05,2.4414317764e-05,4.2086476040e-04,3.3726177104e-05,3.5107998603e-04,2.8496299183e-03,4.7365989150e-01,2.7300388796e-02,-7.6224129092e-04,7.6224129092e-04,1.9876495736e-01,1.0149602720e-02,1.1133212769e-03,2.9023617844e-03,3.7754893966e-01,2.7216468304e-02,0.0000000000e+00,0.0000000000e+00,0.0000000000e+00,0.0000000000e+00,-1.6674565610e-11,1.3534334889e-10,2.2496505788e-08,1.2966336513e-09,-1.4833821685e-11,5.7336903473e-10,1.1152297863e-07,5.7300784285e-09,1.0000000000e+00,4.1921888688e+00,2.0679115636e+00,4.1921888688e+00,1.0000000000e+00,1.0000285724e+00,1.0000095586e+00,1.0000285724e+00,3.3213359055e-01,1.4804056710e-01,1.9618019391e+00,nan,6.5842481745e-05,2.9347704099e-05,3.8890949918e-04,nan,2.6498530911e-04,2.3484950113e-05,1.6990002783e-04,4.1920690912e+00,1.2317815293e+00,4.9573466955e+00,3.4870453425e-01,3.4498930118e-01,4.9870312510e-02,7.3678921585e-01,4.0213108115e-01,464874,50,42,42,-1.1152297863e-07,7.6953310151e-01,5.1274286526e-01,2.8862609495e-02,-3.5159209837e+00,-9.4160989433e-02,-3.7511496343e-01,-4.6927595286e-01,-1.2124759471e-04,447024,48,48,48,-4.2086476040e-04,9.9902053196e-01,5.8602014269e-01,5.3931470108e-02,-2.8646008396e+00,-1.3426384488e+00,-8.3474130571e-02,-1.4261125793e+00,-1.4529349866e-04,2.7422667793e-02,5.3786176609e-02,6.7270608712e-05,3.3263791909e-04,0,0,0,2.3958248488e-04,3.1921888688e+00,3.1924284512e+00,9.3176175816e-08,2.8572417675e-05,2.8665593851e-05,4.7495061735e-04,2.3958248488e+00
68,6.8000000000e-03,1.0000000000e-04,-9.2353634408e-02,1.3346419077e-01,1.4256873495e+00,2.6419414153e-01,-2.1027948101e-01,2.1027948101e-01,1.3425968961e+00,3.3873677710e-01,1.1792584660e-01,1.1818363839e-01,1.9245006208e-01,1.2756452804e-01,0.0000000000e+00,0.0000000000e+00,0.0000000000e+00,0.0000000000e+00,2.2126313219e-05,3.1975682468e-05,3.4156971785e-04,6.3296288918e-05,2.2126313219e-05,2.4382637489e-05,4.1617661093e-04,3.3614567670e-05,3.5203490490e-04,2.8495608140e-03,4.7352053493e-01,2.7298014741e-02,-7.6128678187e-04,7.6128678187e-04,1.9853148189e-01,1.0137138110e-02,1.1133216868e-03,2.9023623649e-03,3.7754894026e-01,2.7216471360e-02,0.0000000000e+00,0.0000000000e+00,0.0000000000e+00,0.0000000000e+00,-1.6719919541e-11,1.3534006678e-10,2.2489887039e-08,1.2965208954e-09,-1.5306416683e-11,5.7292835397e-10,1.1152614221e-07,5.7301852418e-09,1.0000000000e+00,4.1921888688e+00,2.0679115636e+00,4.1921888688e+00,1.0000000000e+00,1.0000285724e+00,1.0000095586e+00,1.0000285724e+00,3.3213490679e-01,1.4787125046e-01,1.9618021225e+00,nan,6.5842742679e-05,2.9314138606e-05,3.8890953554e-04,nan,2.6797791918e-04,2.3497390478e-05,1.7046731935e-04,4.1920690912e+00,1.2184236166e+00,4.9589463040e+00,3.3794104804e-01,3.3561940456e-01,3.4514173758e-02,7.3678484431e-01,4.0196043717e-01,391154,42,42,50,-1.1152614221e-07,7.6953298999e-01,5.1261942636e-01,2.8741361901e-02,-3.5202555290e+00,-9.4034809309e-02,-3.7511493538e-01,-4.6914974469e-01,-1.1258245523e-04,447024,48,48,48,-4.1617661093e-04,9.9902053251e-01,5.8559927793e-01,5.3786176609e-02,-2.8674520787e+00,-1.3425968961e+00,-8.3090453360e-02,-1.4256873495e+00,-1.4410814139e-04,2.7431805165e-02,5.3642068468e-02,6.2651666431e-05,3.3263753249e-04,0,0,0,2.3958248488e-04,3.1921888688e+00,3.1924284512e+00,9.3176175816e-08,2.8572417675e-05,2.8665593851e-05,4.7495061735e-04,2.3958248488e+00
69,6.9000000000e-03,1.0000000000e-04,-9.2244428684e-02,1.3334338501e-01,1.4252545211e+00,2.6389483646e-01,-2.1018746472e-01,2.1018746472e-01,1.3425438289e+00,3.3846397876e-01,1.1794303603e-01,1.1819931778e-01,1.9245008202e-01,1.2757576214e-01,0.0000000000e+00,0.0000000000e+00,0.0000000000e+00,0.0000000000e+00,2.2100149441e-05,3.1946739522e-05,3.4146601975e-04,6.3224580666e-05,2.2100149441e-05,2.4351761331e-05,4.1160991070e-04,3.3505236718e-05,3.5290918962e-04,2.8495022121e-03,4.7339398327e-01,2.7295896004e-02,-7.6041290533e-04,7.6041290533e-04,1.9831841315e-01,1.0125750815e-02,1.1133220950e-03,2.9023629436e-03,3.7754894086e-01,2.7216474416e-02,0.0000000000e+00,0.0000000000e+00,0.0000000000e+00,0.0000000000e+00,-1.6761443748e-11,1.3533728348e-10,2.2483876460e-08,1.2964202658e-09,-1.5710647924e-11,5.7257635036e-10,1.1152943213e-07,5.7302860780e-09,1.0000000000e+00,4.1921888688e+00,2.0679115636e+00,4.1921888688e+00,1.0000000000e+00,1.0000285724e+00,1.0000095586e+00,1.0000285724e+00,3.3214697885e-01,1.4771839018e-01,1.9618019223e+00,nan,6.5845135855e-05,2.9283835438e-05,3.8890949586e-04,nan,2.7095905427e-04,2.3512728405e-05,1.7102658090e-04,4.1920690912e+00,1.2054198277e+00,4.9604182949e+00,3.2218843460e-01,3.2112575056e-01,1.9867579945e-02,7.3678841333e-01,4.0180460890e-01,391154,42,42,50,-1.1152943213e-07,7.6953287846e-01,5.1249591743e-01,2.8628779445e-02,-3.5242962165e+00,-9.3919806529e-02,-3.7511490732e-01,-4.6903471385e-01,-1.0400441693e-04,447024,48,48,48,-4.1160991070e-04,9.9902053359e-01,5.8518310132e-01,5.3642068468e-02,-2.8702872409e+00,-1.3425438289e+00,-8.2710692217e-02,-1.4252545211e+00,-1.4137740714e-04,2.7453026583e-02,5.3500691061e-02,5.8151228095e-05,3.3263710150e-04,0,0,0,2.3958248488e-04,3.1921888688e+00,3.1924284512e+00,9.3176175816e-08,2.8572417675e-05,2.8665593851e-05,4.7495061735e-04,2.3958248488e+00
70,7.0000000000e-03,1.0000000000e-04,-9.2140598137e-02,1.3322982634e-01,1.4248235499e+00,2.6361753717e-01,-2.1010083059e-01,2.1010083059e-01,1.3424888000e+00,3.3821019879e-01,1.1796023245e-01,1.1821500844e-01,1.9245008964e-01,1.2758701837e-01,0.0000000000e+00,0.0000000000e+00,0.0000000000e+00,0.0000000000e+00,2.2075273460e-05,3.1919532855e-05,3.4136276661e-04,6.3158144615e-05,2.2075273460e-05,2.4321822170e-05,4.0715765948e-04,3.3398172340e-05,3.5370161492e-04,2.8494539085e-03,4.7328031045e-01,2.7294030710e-02,-7.5962088682e-04,7.5962088682e-04,1.9812594392e-01,1.0115456212e-02,1.1133225017e-03,2.9023635208e-03,3.7754894146e-01,2.7216477472e-02,0.0000000000e+00,0.0000000000e+00,0.0000000000e+00,0.0000000000e+00,-1.6799080036e-11,1.3533498929e-10,2.2478477563e-08,1.2963316736e-09,-1.6057735742e-11,5.7232013304e-10,1.1153238522e-07,5.7303815723e-09,1.0000000000e+00,4.1921888688e+00,2.0679115636e+00,4.1921888688e+00,1.0000000000e+00,1.0000285724e+00,1.0000095586e+00,1.0000285724e+00,3.3216766418e-01,1.4758107771e-01,1.9618018478e+00,nan,6.5849236535e-05,2.9256614481e-05,3.8890948108e-04,nan,2.7392923262e-04,2.3531137143e-05,1.7157769934e-04,4.1920690912e+00,1.1927418550e+00,4.9617410656e+00,3.0010072925e-01,2.9999283664e-01,6.0493965326e-03,7.3682998575e-01,4.0167676501e-01,391542,42,46,54,-1.1153238522e-07,7.6953276693e-01,5.1237237385e-01,2.8524775029e-02,-3.5280427578e+00,-9.3816067023e-02,-3.7511487927e-01,-4.6893094629e-01,-9.5504465058e-05,447024,48,48,48,-4.0715765948e-04,9.9902053515e-01,5.8477149141e-01,5.3500691061e-02,-2.8730756697e+00,-1.3424888000e+00,-8.2334749894e-02,-1.4248235499e+00,-1.3727483043e-04,2.7486049576e-02,5.3363416231e-02,5.3787893843e-05,3.3263662526e-04,0,0,0,2.3958248488e-04,3.1921888688e+00,3.1924284512e+00,9.3176175816e-08,2.8572417675e-05,2.8665593851e-05,4.7495061735e-04,2.3958248488e+00
71,7.1000000000e-03,1.0000000000e-04,-9.2042481870e-02,1.3312382235e-01,1.4244030767e+00,2.6336268011e-01,-2.1001991621e-01,2.1001991621e-01,1.3424405418e+00,3.3797591581e-01,1.1797743434e-01,1.1823070905e-01,1.9245008508e-01,1.2759829529e-01,0.0000000000e+00,0.0000000000e+00,0.0000000000e+00,0.0000000000e+00,2.2051766521e-05,3.1894136156e-05,3.4126202858e-04,6.3097085325e-05,2.2051766521e-05,2.4292860803e-05,4.0281326282e-04,3.3293349774e-05,3.5441105525e-04,2.8494157550e-03,4.7317958824e-01,2.7292417514e-02,-7.5891185208e-04,7.5891185208e-04,1.9795425992e-01,1.0106268719e-02,1.1133229073e-03,2.9023640968e-03,3.7754894206e-01,2.7216480528e-02,0.0000000000e+00,0.0000000000e+00,0.0000000000e+00,0.0000000000e+00,-1.6832774949e-11,1.3533317719e-10,2.2473693755e-08,1.2962550547e-09,-1.6288764981e-11,5.7216729175e-10,1.1153539403e-07,5.7304697386e-09,1.0000000000e+00,4.1921888688e+00,2.0679115636e+00,4.1921888688e+00,1.0000000000e+00,1.0000285724e+00,1.0000095586e+00,1.0000285724e+00,3.3219500575e-01,1.4745849351e-01,1.9618018974e+00,nan,6.5854656753e-05,2.9232313272e-05,3.8890949092e-04,nan,2.7689106672e-04,2.3552898787e-05,1.7212055193e-04,4.1920690912e+00,1.1803635596e+00,4.9629311161e+00,2.7087615906e-01,2.7129046108e-01,-7.0104915081e-03,7.3684669955e-01,4.0155292025e-01,464886,50,42,54,-1.1153539403e-07,7.6953265540e-01,5.1224883118e-01,2.8429270563e-02,-3.5314948025e+00,-9.3723673962e-02,-3.7511485121e-01,-4.6883852517e-01,-8.7075655991e-05,447024,48,48,48,-4.0281326282e-04,9.9902053708e-01,5.8436433375e-01,5.3363416231e-02,-2.8757898424e+00,-1.3424405418e+00,-8.1962534891e-02,-1.4244030767e+00,-1.3195852963e-04,2.7530443345e-02,5.3231457701e-02,4.9577855043e-05,3.3263612427e-04,0,0,0,2.3958248488e-04,3.1921888688e+00,3.1924284512e+00,9.3176175816e-08,2.8572417675e-05,2.8665593851e-05,4.7495061735e-04,2.3958248488e+00
72,7.2000000000e-03,1.0000000000e-04,-9.1950358501e-02,1.3302560272e-01,1.4240009790e+00,2.6313052780e-01,-2.0994499869e-01,2.0994499869e-01,1.3424070178e+00,3.3776144681e-01,1.1799464019e-01,1.1824641830e-01,1.9245006831e-01,1.2760959149e-01,0.0000000000e+00,0.0000000000e+00,0.0000000000e+00,0.0000000000e+00,2.2029695375e-05,3.1870604452e-05,3.4116569302e-04,6.3041465698e-05,2.2029695375e-05,2.4264841051e-05,3.9857050791e-04,3.3190733166e-05,3.5503652760e-04,2.8493876621e-03,4.7309188287e-01,2.7291055590e-02,-7.5828678457e-04,7.5828678457e-04,1.9780353173e-01,1.0098201174e-02,1.1133233122e-03,2.9023646720e-03,3.7754894266e-01,2.7216483585e-02,0.0000000000e+00,0.0000000000e+00,0.0000000000e+00,0.0000000000e+00,-1.6862481797e-11,1.3533184292e-10,2.2469528183e-08,1.2961903701e-09,-1.6441258563e-11,5.7205095040e-10,1.1153899426e-07,5.7305497599e-09,1.0000000000e+00,4.1921888688e+00,2.0679115636e+00,4.1921888688e+00,1.0000000000e+00,1.0000285724e+00,1.0000095586e+00,1.0000285724e+00,3.3222721743e-01,1.4734989396e-01,1.9618020715e+00,nan,6.5861042429e-05,2.9210784394e-05,3.8890952543e-04,nan,2.7984758543e-04,2.3575301779e-05,1.7265511224e-04,4.1920690912e+00,1.1682608072e+00,4.9640114093e+00,2.3510333048e-01,2.3558103175e-01,-1.9216377666e-02,7.3685947557e-01,4.0143601007e-01,391154,42,42,50,-1.1153899426e-07,7.6953254387e-01,5.1212532509e-01,2.8342194907e-02,-3.5346520097e+00,-9.3642704976e-02,-3.7511482315e-01,-4.6875752813e-01,-7.8714164197e-05,447024,48,48,48,-3.9857050791e-04,9.9902053912e-01,5.8396152049e-01,5.3231457701e-02,-2.8784051200e+00,-1.3424070178e+00,-8.1593961135e-02,-1.4240009790e+00,-1.2557145845e-04,2.7585639083e-02,5.3105886242e-02,4.5534846761e-05,3.3263558639e-04,0,0,0,2.3958248488e-04,3.1921888688e+00,3.1924284512e+00,9.3176175816e-08,2.8572417675e-05,2.8665593851e-05,4.7495061735e-04,2.3958248488e+00
73,7.3000000000e-03,1.0000000000e-04,-9.1864448511e-02,1.3293533071e-01,1.4236244231e+00,2.6292117700e-01,-2.0987629702e-01,2.0987629702e-01,1.3423954754e+00,3.3756695516e-01,1.1801184851e-01,1.1826213491e-01,1.9245007504e-01,1.2762090561e-01,0.0000000000e+00,0.0000000000e+00,0.0000000000e+00,0.0000000000e+00,2.2009112847e-05,3.1848976861e-05,3.4107547682e-04,6.2991308914e-05,2.2009112847e-05,2.4237791079e-05,3.9442354033e-04,3.3090277444e-05,3.5557724071e-04,2.8493695978e-03,4.7301724990e-01,2.7289944563e-02,-7.5774647584e-04,7.5774647584e-04,1.9767390454e-01,1.0091264133e-02,1.1133237166e-03,2.9023652467e-03,3.7754894326e-01,2.7216486641e-02,0.0000000000e+00,0.0000000000e+00,0.0000000000e+00,0.0000000000e+00,-1.6888162999e-11,1.3533098495e-10,2.2465983486e-08,1.2961376018e-09,-1.6551522119e-11,5.7197792030e-10,1.1154142787e-07,5.7306182584e-09,1.0000000000e+00,4.1921888688e+00,2.0679115636e+00,4.1921888688e+00,1.0000000000e+00,1.0000285724e+00,1.0000095586e+00,1.0000285724e+00,3.3226266861e-01,1.4725459685e-01,1.9618020059e+00,nan,6.5868070303e-05,2.9191892602e-05,3.8890951244e-04,nan,2.8279607190e-04,2.3598599330e-05,1.7318133002e-04,4.1920690912e+00,1.1564113140e+00,4.9649029584e+00,1.9454940353e-01,1.9475110097e-01,-3.0499095612e-02,7.3686750393e-01,4.0131766572e-01,391150,42,42,46,-1.1154142787e-07,7.6953243233e-01,5.1200189144e-01,2.8263480743e-02,-3.5375141588e+00,-9.3573227726e-02,-3.7511479509e-01,-4.6868802282e-01,-7.0420114595e-05,447024,48,48,48,-3.9442354033e-04,9.9902054127e-01,5.8356294998e-01,5.3105886242e-02,-2.8808995005e+00,-1.3423954754e+00,-8.1228947675e-02,-1.4236244231e+00,-1.1824204062e-04,2.7650943562e-02,5.2987644202e-02,4.1670147680e-05,3.3263507745e-04,0,0,0,2.3958248488e-04,3.1921888688e+00,3.1924284512e+00,9.3176175816e-08,2.8572417675e-05,2.8665593851e-05,4.7495061735e-04,2.3958248488e+00
74,7.4000000000e-03,1.0000000000e-04,-9.1784916972e-02,1.3285310127e-01,1.4232799132e+00,2.6273456741e-01,-2.0981397481e-01,2.0981397481e-01,1.3424124948e+00,3.3739245939e-01,1.1802905784e-01,1.1827785762e-01,1.9245008791e-01,1.2763223632e-01,0.0000000000e+00,0.0000000000e+00,0.0000000000e+00,0.0000000000e+00,2.1990058483e-05,3.1829276127e-05,3.4099293829e-04,6.2946600524e-05,2.1990058483e-05,2.4211715608e-05,3.9036684211e-04,3.2991930256e-05,3.5603264919e-04,2.8493615832e-03,4.7295572759e-01,2.7289084394e-02,-7.5729147142e-04,7.5729147142e-04,1.9756548620e-01,1.0085465087e-02,1.1133241206e-03,2.9023658212e-03,3.7754894386e-01,2.7216489698e-02,0.0000000000e+00,0.0000000000e+00,0.0000000000e+00,0.0000000000e+00,-1.6909792653e-11,1.3533060430e-10,2.2463061480e-08,1.2960967480e-09,-1.6641231488e-11,5.7188384451e-10,1.1154357171e-07,5.7306728247e-09,1.0000000000e+00,4.1921888688e+00,2.0679115636e+00,4.1921888688e+00,1.0000000000e+00,1.0000285724e+00,1.0000095586e+00,1.0000285724e+00,3.3229986822e-01,1.4717196611e-01,1.9618018779e+00,nan,6.5875444789e-05,2.9175511806e-05,3.8890948706e-04,nan,2.8574038489e-04,2.3620128939e-05,1.7369922827e-04,4.1920690912e+00,1.1447945053e+00,4.9656442338e+00,1.5183550996e-01,1.5161928581e-01,-4.0785385459e-02,7.3687264266e-01,4.0119664278e-01,391926,42,50,54,-1.1154357171e-07,7.6953232079e-01,5.1187856615e-01,2.8193060629e-02,-3.5400812920e+00,-9.3515294138e-02,-3.7511476704e-01,-4.6863006117e-01,-6.2198195530e-05,447024,48,48,48,-3.9036684211e-04,9.9902054352e-01,5.8316852644e-01,5.2987644202e-02,-2.8832533823e+00,-1.3424124948e+00,-8.0867418391e-02,-1.4232799132e+00,-1.1008510470e-04,2.7725555566e-02,5.2877559097e-02,3.7992626392e-05,3.3263456804e-04,0,0,0,2.3958248488e-04,3.1921888688e+00,3.1924284512e+00,9.3176175816e-08,2.8572417675e-05,2.8665593851e-05,4.7495061735e-04,2.3958248488e+00
75,7.5000000000e-03,1.0000000000e-04,-9.1711876554e-02,1.3277893356e-01,1.4229733383e+00,2.6257049098e-01,-2.0975814331e-01,2.0975814331e-01,1.3424640366e+00,3.3723784237e-01,1.1804626675e-01,1.1829358524e-01,1.9245008884e-01,1.2764358237e-01,0.0000000000e+00,0.0000000000e+00,0.0000000000e+00,0.0000000000e+00,2.1972559278e-05,3.1811506842e-05,3.4091948831e-04,6.2907290686e-05,2.1972559278e-05,2.4186652508e-05,3.8639521126e-04,3.2895633902e-05,3.5640250969e-04,2.8493636848e-03,4.7290732911e-01,2.7288475228e-02,-7.5692201473e-04,7.5692201473e-04,1.9747833416e-01,1.0080807657e-02,1.1133245244e-03,2.9023663953e-03,3.7754894447e-01,2.7216492754e-02,0.0000000000e+00,0.0000000000e+00,0.0000000000e+00,0.0000000000e+00,-1.6927359200e-11,1.3533070412e-10,2.2460762791e-08,1.2960678156e-09,-1.6713215326e-11,5.7180633932e-10,1.1154529789e-07,5.7307125799e-09,1.0000000000e+00,4.1921888688e+00,2.0679115636e+00,4.1921888688e+00,1.0000000000e+00,1.0000285724e+00,1.0000095586e+00,1.0000285724e+00,3.3233744891e-01,1.4710139623e-01,1.9618018715e+00,nan,6.5882894822e-05,2.9161521964e-05,3.8890948579e-04,nan,2.8868188486e-04,2.3641400526e-05,1.7420891164e-04,4.1920690912e+00,1.1333913857e+00,4.9662292828e+00,1.0955578008e-01,1.0894443070e-01,-4.9993106321e-02,7.3687699130e-01,4.0107652167e-01,464874,50,42,42,-1.1154529789e-07,7.6953220924e-01,5.1175538525e-01,2.8130862433e-02,-3.5423538824e+00,-9.3468933618e-02,-3.7511473898e-01,-4.6858367259e-01,-5.4058050632e-05,447024,48,48,48,-3.8639521126e-04,9.9902054577e-01,5.8277815960e-01,5.2877559097e-02,-2.8854493431e+00,-1.3424640366e+00,-8.0509301729e-02,-1.4229733383e+00,-1.0120304366e-04,2.7808584598e-02,5.2776356053e-02,3.4508818963e-05,3.3263405808e-04,0,0,0,2.3958248488e-04,3.1921888688e+00,3.1924284512e+00,9.3176175816e-08,2.8572417675e-05,2.8665593851e-05,4.7495061735e-04,2.3958248488e+00
76,7.6000000000e-03,1.0000000000e-04,-9.1645390779e-02,1.3271278995e-01,1.4227100146e+00,2.6242860179e-01,-2.0970886466e-01,2.0970886466e-01,1.3425554841e+00,3.3710286110e-01,1.1806347388e-01,1.1830931661e-01,1.9245007829e-01,1.2765494256e-01,0.0000000000e+00,0.0000000000e+00,0.0000000000e+00,0.0000000000e+00,2.1956630451e-05,3.1795659992e-05,3.4085640055e-04,6.2873296520e-05,2.1956630451e-05,2.4162621700e-05,3.8250374294e-04,3.2801327224e-05,3.5668693635e-04,2.8493760045e-03,4.7287203411e-01,2.7288117205e-02,-7.5663799168e-04,7.5663799168e-04,1.9741750353e-01,1.0077290798e-02,1.1133249280e-03,2.9023669693e-03,3.7754894507e-01,2.7216495810e-02,0.0000000000e+00,0.0000000000e+00,0.0000000000e+00,0.0000000000e+00,-1.6940868062e-11,1.3533128924e-10,2.2459086453e-08,1.2960508113e-09,-1.6771350057e-11,5.7174010280e-10,1.1154657176e-07,5.7307374655e-09,1.0000000000e+00,4.1921888688e+00,2.0679115636e+00,4.1921888688e+00,1.0000000000e+00,1.0000285724e+00,1.0000095586e+00,1.0000285724e+00,3.3237415164e-01,1.4704606690e-01,1.9618019823e+00,nan,6.5890170806e-05,2.9150553425e-05,3.8890950774e-04,nan,2.9162217055e-04,2.3662171675e-05,1.7471053615e-04,4.1920690912e+00,1.1221844223e+00,4.9666566800e+00,6.9540428015e-02,6.8632137908e-02,-5.8048895805e-02,7.3688054535e-01,4.0095732427e-01,391914,42,50,42,-1.1154657176e-07,7.6953209770e-01,5.1163238474e-01,2.8076804383e-02,-3.5443330158e+00,-9.3434145624e-02,-3.7511471092e-01,-4.6854885654e-01,-4.6014451515e-05,447024,48,48,48,-3.8250374294e-04,9.9902054801e-01,5.8239176439e-01,5.2776356053e-02,-2.8874719374e+00,-1.3425554841e+00,-8.0154530439e-02,-1.4227100146e+00,-9.1687131460e-05,2.7815916236e-02,5.2684668922e-02,3.1223048128e-05,3.3263354792e-04,0,0,0,2.3958248488e-04,3.1921888688e+00,3.1924284512e+00,9.3176175816e-08,2.8572417675e-05,2.8665593851e-05,4.7495061735e-04,2.3958248488e+00
77,7.7000000000e-03,1.0000000000e-04,-9.1585477438e-02,1.3265458948e-01,1.4224947233e+00,2.6230842631e-01,-2.0966615534e-01,2.0966615534e-01,1.3426916819e+00,3.3698715673e-01,1.1808067790e-01,1.1832505062e-01,1.9245005585e-01,1.2766631578e-01,0.0000000000e+00,0.0000000000e+00,0.0000000000e+00,0.0000000000e+00,2.1942276264e-05,3.1781716178e-05,3.4080482054e-04,6.2844504582e-05,2.1942276264e-05,2.4139644696e-05,3.7868781255e-04,3.2708947398e-05,3.5688645286e-04,2.8493986661e-03,4.7284977996e-01,2.7288010245e-02,-7.5643887860e-04,7.5643887860e-04,1.9737920289e-01,1.0074908046e-02,1.1133253315e-03,2.9023675430e-03,3.7754894567e-01,2.7216498867e-02,0.0000000000e+00,0.0000000000e+00,0.0000000000e+00,0.0000000000e+00,-1.6950344111e-11,1.3533236555e-10,2.2458029491e-08,1.2960457312e-09,-1.6817266146e-11,5.7168558025e-10,1.1154731627e-07,5.7307474727e-09,1.0000000000e+00,4.1921888688e+00,2.0679115636e+00,4.1921888688e+00,1.0000000000e+00,1.0000285724e+00,1.0000095586e+00,1.0000285724e+00,3.3240881124e-01,1.4700262580e-01,1.9618022141e+00,nan,6.5897041759e-05,2.9141941621e-05,3.8890955370e-04,nan,2.9456273103e-04,2.3682435572e-05,1.7520427677e-04,4.1920690912e+00,1.1111574418e+00,4.9669235816e+00,3.2716897409e-02,3.1609917487e-02,-6.4882149755e-02,7.3688325273e-01,4.0083888111e-01,391150,42,42,46,-1.1154731627e-07,7.6953198615e-01,5.1150960053e-01,2.8030789931e-02,-3.5460205807e+00,-9.3410891942e-02,-3.7511468285e-01,-4.6852557480e-01,-3.8087257280e-05,447024,48,48,48,-3.7868781255e-04,9.9902055026e-01,5.8200926065e-01,5.2684668922e-02,-2.8893075158e+00,-1.3426916819e+00,-7.9803041338e-02,-1.4224947233e+00,-8.1618935797e-05,2.7788986396e-02,5.2603049986e-02,2.8137555811e-05,3.3263303753e-04,0,0,0,2.3958248488e-04,3.1921888688e+00,3.1924284512e+00,9.3176175816e-08,2.8572417675e-05,2.8665593851e-05,4.7495061735e-04,2.3958248488e+00
78,7.8000000000e-03,1.0000000000e-04,-9.1532112136e-02,1.3260419537e-01,1.4223317434e+00,2.6220937413e-01,-2.0962998969e-01,2.0962998969e-01,1.3428769683e+00,3.3689026489e-01,1.1809787755e-01,1.1834078624e-01,1.9245002155e-01,1.2767770097e-01,0.0000000000e+00,0.0000000000e+00,0.0000000000e+00,0.0000000000e+00,2.1929490872e-05,3.1769642632e-05,3.4076577340e-04,6.2820773413e-05,2.1929490872e-05,2.4117640744e-05,3.7494306078e-04,3.2618431603e-05,3.5700203895e-04,2.8494318011e-03,4.7284045316e-01,2.7288153821e-02,-7.5632369581e-04,7.5632369581e-04,1.9736240996e-01,1.0073646836e-02,1.1133257348e-03,2.9023681167e-03,3.7754894627e-01,2.7216501923e-02,0.0000000000e+00,0.0000000000e+00,0.0000000000e+00,0.0000000000e+00,-1.6955833879e-11,1.3533393930e-10,2.2457586514e-08,1.2960525504e-09,-1.6853139211e-11,5.7164014213e-10,1.1154753621e-07,5.7307426410e-09,1.0000000000e+00,4.1921888688e+00,2.0679115636e+00,4.1921888688e+00,1.0000000000e+00,1.0000285724e+00,1.0000095586e+00,1.0000285724e+00,3.3244034338e-01,1.4696983761e-01,1.9618025668e+00,nan,6.5903292721e-05,2.9135441657e-05,3.8890962362e-04,nan,2.9750526914e-04,2.3702158441e-05,1.7569031862e-04,4.1920690912e+00,1.1002955404e+00,4.9670313478e+00,-7.7407056484e-04,-2.0155600204e-03,-7.0430859936e-02,7.3688512794e-01,4.0072118422e-01,392302,42,54,46,-1.1154753621e-07,7.6953187460e-01,5.1138706832e-01,2.7992702674e-02,-3.5474194546e+00,-9.3399089058e-02,-3.7511465479e-01,-4.6851374385e-01,-3.0301171138e-05,447024,48,48,48,-3.7494306078e-04,9.9902055250e-01,5.8163057283e-01,5.2603049986e-02,-2.8909440686e+00,-1.3428769683e+00,-7.9454775081e-02,-1.4223317434e+00,-7.1071773278e-05,2.7769053183e-02,5.2531978213e-02,2.5252664623e-05,3.3263252700e-04,0,0,0,2.3958248488e-04,3.1921888688e+00,3.1924284512e+00,9.3176175816e-08,2.8572417675e-05,2.8665593851e-05,4.7495061735e-04,2.3958248488e+00
79,7.9000000000e-03,1.0000000000e-04,-9.1485231888e-02,1.3256142624e-01,1.4222248778e+00,2.6213074883e-01,-2.0960030354e-01,2.0960030354e-01,1.3431152019e+00,3.3681162611e-01,1.1811507165e-01,1.1835652250e-01,1.9244997543e-01,1.2768909715e-01,0.0000000000e+00,0.0000000000e+00,0.0000000000e+00,0.0000000000e+00,2.1918259186e-05,3.1759395898e-05,3.4074017029e-04,6.2801936168e-05,2.1918259186e-05,2.4096605201e-05,3.7126538073e-04,3.2529718523e-05,3.5703516893e-04,2.8494755328e-03,4.7284388124e-01,2.7288546722e-02,-7.5629096901e-04,7.5629096901e-04,1.9736678395e-01,1.0073487941e-02,1.1133261379e-03,2.9023686902e-03,3.7754894687e-01,2.7216504980e-02,0.0000000000e+00,0.0000000000e+00,0.0000000000e+00,0.0000000000e+00,-1.6957407390e-11,1.3533601634e-10,2.2457749331e-08,1.2960712112e-09,-1.6880031856e-11,5.7160280895e-10,1.1154722501e-07,5.7307230674e-09,1.0000000000e+00,4.1921888688e+00,2.0679115636e+00,4.1921888688e+00,1.0000000000e+00,1.0000285724e+00,1.0000095586e+00,1.0000285724e+00,3.3246773321e-01,1.4694702560e-01,1.9618030401e+00,nan,6.5908722507e-05,2.9130919382e-05,3.8890971744e-04,nan,3.0045145818e-04,2.3721300332e-05,1.7616884890e-04,4.1920690912e+00,1.0895850067e+00,4.9669814802e+00,-3.1334985116e-02,-3.2683168371e-02,-7.4645692429e-02,7.3688619224e-01,4.0060432976e-01,391154,42,42,50,-1.1154722501e-07,7.6953176305e-01,5.1126482344e-01,2.7962401503e-02,-3.5485336810e+00,-9.3398600986e-02,-3.7511462673e-01,-4.6851322772e-01,-2.2685308963e-05,447024,48,48,48,-3.7126538073e-04,9.9902055475e-01,5.8125562977e-01,5.2531978213e-02,-2.8923710933e+00,-1.3431152019e+00,-7.9109675945e-02,-1.4222248778e+00,-6.0112159674e-05,2.7755955456e-02,5.2471866053e-02,2.2566943377e-05,3.3263201635e-04,0,0,0,2.3958248488e-04,3.1921888688e+00,3.1924284512e+00,9.3176175816e-08,2.8572417675e-05,2.8665593851e-05,4.7495061735e-04,2.3958248488e+00
80,8.0000000000e-03,1.0000000000e-04,-9.1444738750e-02,1.3252608475e-01,1.4221774747e+00,2.6207175920e-01,-2.0957699781e-01,2.0957699781e-01,1.3434097831e+00,3.3675059638e-01,1.1813225906e-01,1.1837226742e-01,1.9245001500e-01,1.2770050344e-01,0.0000000000e+00,0.0000000000e+00,0.0000000000e+00,0.0000000000e+00,2.1908557739e-05,3.1750928697e-05,3.4072881333e-04,6.2787803287e-05,2.1908557739e-05,2.4076512125e-05,3.6765090707e-04,3.2442749661e-05,3.5698784071e-04,2.8495299599e-03,4.7285982568e-01,2.7289186822e-02,-7.5633870031e-04,7.5633870031e-04,1.9739184936e-01,1.0074405033e-02,1.1133265410e-03,2.9023692636e-03,3.7754894747e-01,2.7216508036e-02,0.0000000000e+00,0.0000000000e+00,0.0000000000e+00,0.0000000000e+00,-1.6955159533e-11,1.3533860136e-10,2.2458506613e-08,1.2961016128e-09,-1.6898441167e-11,5.7157257140e-10,1.1154638802e-07,5.7306889177e-09,1.0000000000e+00,4.1921888688e+00,2.0679115636e+00,4.1921888688e+00,1.0000000000e+00,1.0000285724e+00,1.0000095586e+00,1.0000285724e+00,3.3249002610e-01,1.4693346129e-01,1.9618026399e+00,nan,6.5913141871e-05,2.9128230381e-05,3.8890963811e-04,nan,3.0340299962e-04,2.3739841071e-05,1.7664004986e-04,4.1920690912e+00,1.0790132583e+00,4.9667767292e+00,-5.9755115854e-02,-6.1206472088e-02,-7.7494946693e-02,7.3688646945e-01,4.0048837380e-01,391150,42,42,46,-1.1154638802e-07,7.6953165151e-01,5.1114290070e-01,2.7939716194e-02,-3.5493686268e+00,-9.3409232899e-02,-3.7511459867e-01,-4.6852383157e-01,-1.5272598986e-05,447024,48,48,48,-3.6765090707e-04,9.9902055699e-01,5.8088436439e-01,5.2471866053e-02,-2.8935794881e+00,-1.3434097831e+00,-7.8767691623e-02,-1.4221774747e+00,-4.8801214132e-05,2.7749500620e-02,5.2423064839e-02,2.0077388134e-05,3.3263150564e-04,0,0,0,2.3958248488e-04,3.1921888688e+00,3.1924284512e+00,9.3176175816e-08,2.8572417675e-05,2.8665593851e-05,4.7495061735e-04,2.3958248488e+00
81,8.1000000000e-03,1.0000000000e-04,-9.1410503406e-02,1.3249792184e-01,1.4221924417e+00,2.6203153054e-01,-2.0955994216e-01,2.0955994216e-01,1.3437636687e+00,3.3670645755e-01,1.1814943876e-01,1.1838801273e-01,1.9245005113e-01,1.2771191901e-01,0.0000000000e+00,0.0000000000e+00,0.0000000000e+00,0.0000000000e+00,2.1900355550e-05,3.1744181356e-05,3.4073239916e-04,6.2778165204e-05,2.1900355550e-05,2.4057362396e-05,3.6409600725e-04,3.2357470445e-05,3.5686259365e-04,2.8495951398e-03,4.7288797597e-01,2.7290070859e-02,-7.5646435036e-04,7.5646435036e-04,1.9743698871e-01,1.0076364404e-02,1.1133269440e-03,2.9023698369e-03,3.7754894807e-01,2.7216511093e-02,0.0000000000e+00,0.0000000000e+00,0.0000000000e+00,0.0000000000e+00,-1.6949210917e-11,1.3534169708e-10,2.2459843613e-08,1.2961436002e-09,-1.6909405613e-11,5.7154734946e-10,1.1154503721e-07,5.7306404369e-09,1.0000000000e+00,4.1921888688e+00,2.0679115636e+00,4.1921888688e+00,1.0000000000e+00,1.0000285724e+00,1.0000095586e+00,1.0000285724e+00,3.3250632060e-01,1.4692835751e-01,1.9618022746e+00,nan,6.5916372109e-05,2.9127218602e-05,3.8890956570e-04,nan,3.0636160515e-04,2.3757689644e-05,1.7710409245e-04,4.1920690912e+00,1.0685687893e+00,4.9664209213e+00,-8.4645587302e-02,-8.6123705329e-02,-7.8968807188e-02,7.3688598927e-01,4.0037316231e-01,391154,42,42,50,-1.1154503721e-07,7.6953153996e-01,5.1102133421e-01,2.7924443595e-02,-3.5499311146e+00,-9.3430725862e-02,-3.7511457061e-01,-4.6854529647e-01,-8.0990359906e-06,447024,48,48,48,-3.6409600725e-04,9.9902055923e-01,5.8051671348e-01,5.2423064839e-02,-2.8945614686e+00,-1.3437636687e+00,-7.8428773024e-02,-1.4221924417e+00,-3.7195982221e-05,2.7749461741e-02,5.2385868857e-02,1.7779603459e-05,3.3263099489e-04,0,0,0,2.3958248488e-04,3.1921888688e+00,3.1924284512e+00,9.3176175816e-08,2.8572417675e-05,2.8665593851e-05,4.7495061735e-04,2.3958248488e+00
82,8.2000000000e-03,1.0000000000e-04,-9.1382368714e-02,1.3247666276e-01,1.4222722557e+00,2.6200911593e-01,-2.0954897847e-01,2.0954897847e-01,1.3441793816e+00,3.3667842773e-01,1.1816660976e-01,1.1840375618e-01,1.9245007540e-01,1.2772334314e-01,0.0000000000e+00,0.0000000000e+00,0.0000000000e+00,0.0000000000e+00,2.1893614971e-05,3.1739088054e-05,3.4075152120e-04,6.2772795058e-05,2.1893614971e-05,2.4039128055e-05,3.6059727457e-04,3.2273831107e-05,3.5666251439e-04,2.8496710738e-03,4.7292794538e-01,2.7291194240e-02,-7.5666483255e-04,7.5666483255e-04,1.9750143867e-01,1.0079324862e-02,1.1133273469e-03,2.9023704102e-03,3.7754894867e-01,2.7216514149e-02,0.0000000000e+00,0.0000000000e+00,0.0000000000e+00,0.0000000000e+00,-1.6939708139e-11,1.3534530358e-10,2.2461741962e-08,1.2961969552e-09,-1.6913131336e-11,5.7152683088e-10,1.1154318613e-07,5.7305779629e-09,1.0000000000e+00,4.1921888688e+00,2.0679115636e+00,4.1921888688e+00,1.0000000000e+00,1.0000285724e+00,1.0000095586e+00,1.0000285724e+00,3.3251576376e-01,1.4693086456e-01,1.9618020304e+00,nan,6.5918244129e-05,2.9127715603e-05,3.8890951729e-04,nan,3.0932897722e-04,2.3774856957e-05,1.7756113131e-04,4.1920690912e+00,1.0582411292e+00,4.9659187752e+00,-8.4452773137e-02,-8.5157799827e-02,-7.9082900323e-02,7.3688478348e-01,4.0025881554e-01,428010,46,42,42,-1.1154318613e-07,7.6953142842e-01,5.1090015718e-01,2.7916344559e-02,-3.5502295223e+00,-9.3462752941e-02,-3.7511454255e-01,-4.6857729549e-01,-1.2028170487e-06,447024,48,48,48,-3.6059727457e-04,9.9902056148e-01,5.8015261748e-01,5.2385868857e-02,-2.8953105081e+00,-1.3441793816e+00,-7.8092874080e-02,-1.4222722557e+00,-2.5350648360e-05,2.7755575400e-02,5.2360518209e-02,1.5667987728e-05,3.3263048413e-04,0,0,0,2.3958248488e-04,3.1921888688e+00,3.1924284512e+00,9.3176175816e-08,2.8572417675e-05,2.8665593851e-05,4.7495061735e-04,2.3958248488e+00
83,8.3000000000e-03,1.0000000000e-04,-9.1360153149e-02,1.3246200528e-01,1.4224189672e+00,2.6200350760e-01,-2.0954392434e-01,2.0954392434e-01,1.3446590156e+00,3.3666567144e-01,1.1818377119e-01,1.1841949711e-01,1.9245008787e-01,1.2773477517e-01,0.0000000000e+00,0.0000000000e+00,0.0000000000e+00,0.0000000000e+00,2.1888292511e-05,3.1735576379e-05,3.4078667071e-04,6.2771451399e-05,2.1888292511e-05,2.4021832684e-05,3.5715152300e-04,3.2191787339e-05,3.5639123000e-04,2.8497576926e-03,4.7297926836e-01,2.7292550869e-02,-7.5693651979e-04,7.5693651979e-04,1.9758428946e-01,1.0083237794e-02,1.1133277498e-03,2.9023709834e-03,3.7754894927e-01,2.7216517206e-02,0.0000000000e+00,0.0000000000e+00,0.0000000000e+00,0.0000000000e+00,-1.6926823471e-11,1.3534941754e-10,2.2464179550e-08,1.2962613884e-09,-1.6909916997e-11,5.7150995081e-10,1.1154085400e-07,5.7305019208e-09,1.0000000000e+00,4.1921888688e+00,2.0679115636e+00,4.1921888688e+00,1.0000000000e+00,1.0000285724e+00,1.0000095586e+00,1.0000285724e+00,3.3251754881e-01,1.4694006969e-01,1.9618019064e+00,nan,6.5918598000e-05,2.9129540436e-05,3.8890949270e-04,nan,3.1230681326e-04,2.3791271813e-05,1.7801130022e-04,4.1920690912e+00,1.0480208110e+00,4.9652761076e+00,-7.6131243597e-02,-7.5835129630e-02,-7.7879689727e-02,7.3688288931e-01,4.0014519365e-01,391154,42,42,50,-1.1154085400e-07,7.6953131687e-01,5.1077940172e-01,2.7915141742e-02,-3.5502738470e+00,-9.3504916891e-02,-3.7511451449e-01,-4.6861943138e-01,5.3766112044e-06,447024,48,48,48,-3.5715152300e-04,9.9902056372e-01,5.7979202020e-01,5.2360518209e-02,-2.8958212984e+00,-1.3446590156e+00,-7.7759951562e-02,-1.4224189672e+00,-1.3317613788e-05,2.7767540359e-02,5.2347200595e-02,1.3735924152e-05,3.3262997337e-04,0,0,0,2.3958248488e-04,3.1921888688e+00,3.1924284512e+00,9.3176175816e-08,2.8572417675e-05,2.8665593851e-05,4.7495061735e-04,2.3958248488e+00
84,8.4000000000e-03,1.0000000000e-04,-9.1343654130e-02,1.3245363173e-01,1.4226342004e+00,2.6201364802e-01,-2.0954457638e-01,2.0954457638e-01,1.3452042355e+00,3.3666730955e-01,1.1820092225e-01,1.1843523492e-01,1.9245008914e-01,1.2774621451e-01,0.0000000000e+00,0.0000000000e+00,0.0000000000e+00,0.0000000000e+00,2.1884339635e-05,3.1733570222e-05,3.4083823680e-04,6.2773880866e-05,2.1884339635e-05,2.4005415990e-05,3.5375578338e-04,3.2111300710e-05,3.5605288859e-04,2.8498548441e-03,4.7304139999e-01,2.7294133027e-02,-7.5727526401e-04,7.5727526401e-04,1.9768448794e-01,1.0088047417e-02,1.1133281526e-03,2.9023715565e-03,3.7754894987e-01,2.7216520262e-02,0.0000000000e+00,0.0000000000e+00,0.0000000000e+00,0.0000000000e+00,-1.6910753925e-11,1.3535403176e-10,2.2467130496e-08,1.2963365331e-09,-1.6900648800e-11,5.7149582603e-10,1.1153806334e-07,5.7304128369e-09,1.0000000000e+00,4.1921888688e+00,2.0679115636e+00,4.1921888688e+00,1.0000000000e+00,1.0000285724e+00,1.0000095586e+00,1.0000285724e+00,3.3251091522e-01,1.4695499964e-01,1.9618018965e+00,nan,6.5917282951e-05,2.9132500164e-05,3.8890949075e-04,nan,3.1529679112e-04,2.3806953659e-05,1.7845470941e-04,4.1920690912e+00,1.0378993469e+00,4.9644997327e+00,-6.4325351711e-02,-6.3002033788e-02,-7.5428417095e-02,7.3688034876e-01,4.0003226801e-01,392306,42,54,50,-1.1153806334e-07,7.6953120533e-01,5.1065909863e-01,2.7920518353e-02,-3.5500757290e+00,-9.3556749555e-02,-3.7511448643e-01,-4.6867123598e-01,1.1599561631e-05,447024,48,48,48,-3.5375578338e-04,9.9902056597e-01,5.7943486868e-01,5.2347200595e-02,-2.8960897287e+00,-1.3452042355e+00,-7.7429964889e-02,-1.4226342004e+00,-1.1484216161e-06,2.7784945944e-02,5.2346052173e-02,1.1975968575e-05,3.3262946261e-04,0,0,0,2.3958248488e-04,3.1921888688e+00,3.1924284512e+00,9.3176175816e-08,2.8572417675e-05,2.8665593851e-05,4.7495061735e-04,2.3958248488e+00
85,8.5000000000e-03,1.0000000000e-04,-9.1332651208e-02,1.3245122702e-01,1.4229191501e+00,2.6203844092e-01,-2.0955071343e-01,2.0955071343e-01,1.3458162742e+00,3.3668242878e-01,1.1821806223e-01,1.1845096909e-01,1.9245007957e-01,1.2775766067e-01,0.0000000000e+00,0.0000000000e+00,0.0000000000e+00,0.0000000000e+00,2.1881703527e-05,3.1732994095e-05,3.4090650578e-04,6.2779820811e-05,2.1881703527e-05,2.3989889250e-05,3.5040730093e-04,3.2032338857e-05,3.5565212743e-04,2.8499622846e-03,4.7311371739e-01,2.7295931275e-02,-7.5767642793e-04,7.5767642793e-04,1.9780084412e-01,1.0093691199e-02,1.1133285554e-03,2.9023721297e-03,3.7754895046e-01,2.7216523318e-02,0.0000000000e+00,0.0000000000e+00,0.0000000000e+00,0.0000000000e+00,-1.6891719749e-11,1.3535913465e-10,2.2470565215e-08,1.2964219410e-09,-1.6886342692e-11,5.7148350981e-10,1.1153483725e-07,5.7303113379e-09,1.0000000000e+00,4.1921888688e+00,2.0679115636e+00,4.1921888688e+00,1.0000000000e+00,1.0000285724e+00,1.0000095586e+00,1.0000285724e+00,3.3249515079e-01,1.4697462641e-01,1.9618019972e+00,nan,6.5914157795e-05,2.9136390994e-05,3.8890951071e-04,nan,3.1830055184e-04,2.3821848607e-05,1.7889144354e-04,4.1920690912e+00,1.0278692104e+00,4.9635973188e+00,-4.9128392983e-02,-4.6821882884e-02,-7.1822715689e-02,7.3687720891e-01,3.9992003946e-01,391154,42,42,50,-1.1153483725e-07,7.6953109379e-01,5.1053927721e-01,2.7932117914e-02,-3.5496484331e+00,-9.3617713052e-02,-3.7511445837e-01,-4.6873217142e-01,1.7427138807e-05,447024,48,48,48,-3.5040730093e-04,9.9902056821e-01,5.7908111290e-01,5.2346052173e-02,-2.8961128794e+00,-1.3458162742e+00,-7.7102875950e-02,-1.4229191501e+00,1.1105484246e-05,2.7806763089e-02,5.2357157657e-02,1.0380039362e-05,3.3262895187e-04,0,0,0,2.3958248488e-04,3.1921888688e+00,3.1924284512e+00,9.3176175816e-08,2.8572417675e-05,2.8665593851e-05,4.7495061735e-04,2.3958248488e+00
86,8.6000000000e-03,1.0000000000e-04,-9.1326909099e-02,1.3245444576e-01,1.4232745770e+00,2.6207676195e-01,-2.0956209958e-01,2.0956209958e-01,1.3464959281e+00,3.3671009101e-01,1.1823519048e-01,1.1846669918e-01,1.9245006313e-01,1.2776911322e-01,0.0000000000e+00,0.0000000000e+00,0.0000000000e+00,0.0000000000e+00,2.1880327819e-05,3.1733765248e-05,3.4099165983e-04,6.2789001857e-05,2.1880327819e-05,2.3975212249e-05,3.4710353354e-04,3.1954875458e-05,3.5519402974e-04,2.8500796710e-03,4.7319552312e-01,2.7297934426e-02,-7.5813492835e-04,7.5813492835e-04,1.9793204109e-01,1.0100100445e-02,1.1133289581e-03,2.9023727028e-03,3.7754895106e-01,2.7216526375e-02,0.0000000000e+00,0.0000000000e+00,0.0000000000e+00,0.0000000000e+00,-1.6869962370e-11,1.3536470993e-10,2.2474450583e-08,1.2965170808e-09,-1.6867386636e-11,5.7147331592e-10,1.1153120316e-07,5.7301981516e-09,1.0000000000e+00,4.1921888688e+00,2.0679115636e+00,4.1921888688e+00,1.0000000000e+00,1.0000285724e+00,1.0000095586e+00,1.0000285724e+00,3.3246959565e-01,1.4699787571e-01,1.9618021679e+00,nan,6.5909091720e-05,2.9140999958e-05,3.8890954455e-04,nan,3.2131969970e-04,2.3836006538e-05,1.7932156109e-04,4.1920690912e+00,1.0179238217e+00,4.9625775165e+00,-2.9593252140e-02,-2.6668600477e-02,-6.7176482934e-02,7.3687351860e-01,3.9980842208e-01,464886,50,42,54,-1.1153120316e-07,7.6953098226e-01,5.1041996501e-01,2.7949545053e-02,-3.5490067892e+00,-9.3687202756e-02,-3.7511443031e-01,-4.6880163306e-01,2.2822261263e-05,447024,48,48,48,-3.4710353354e-04,9.9902057046e-01,5.7873070560e-01,5.2357157657e-02,-2.8958890277e+00,-1.3464959281e+00,-7.6778648922e-02,-1.4232745770e+00,2.3392174409e-05,2.7833465883e-02,5.2380549832e-02,8.9396099192e-06,3.3262844114e-04,0,0,0,2.3958248488e-04,3.1921888688e+00,3.1924284512e+00,9.3176175816e-08,2.8572417675e-05,2.8665593851e-05,4.7495061735e-04,2.3958248488e+00
87,8.7000000000e-03,1.0000000000e-04,-9.1326180547e-02,1.3246295694e-01,1.4237008006e+00,2.6212746900e-01,-2.0957848702e-01,2.0957848702e-01,1.3472435505e+00,3.3674934195e-01,1.1825230647e-01,1.1848243235e-01,1.9245008212e-01,1.2778057180e-01,0.0000000000e+00,0.0000000000e+00,0.0000000000e+00,0.0000000000e+00,2.1880153270e-05,3.1735804379e-05,3.4109377554e-04,6.2801150378e-05,2.1880153270e-05,2.3961381439e-05,3.4384215064e-04,3.1878890008e-05,3.5468407107e-04,2.8502065584e-03,4.7328605055e-01,2.7300129548e-02,-7.5864528972e-04,7.5864528972e-04,1.9807664808e-01,1.0107201031e-02,1.1133293608e-03,2.9023732759e-03,3.7754895166e-01,2.7216529431e-02,0.0000000000e+00,0.0000000000e+00,0.0000000000e+00,0.0000000000e+00,-1.6845741852e-11,1.3537073645e-10,2.2478750189e-08,1.2966213382e-09,-1.6844682396e-11,5.7146451347e-10,1.1152719293e-07,5.7300740993e-09,1.0000000000e+00,4.1921888688e+00,2.0679115636e+00,4.1921888688e+00,1.0000000000e+00,1.0000285724e+00,1.0000095586e+00,1.0000285724e+00,3.3243364782e-01,1.4702363800e-01,1.9618019774e+00,nan,6.5901965386e-05,2.9146107099e-05,3.8890950678e-04,nan,3.2435579151e-04,2.3849397620e-05,1.7974509457e-04,4.1920690912e+00,1.0080575352e+00,4.9614499021e+00,-4.6642986963e-03,-1.5713234541e-03,-6.1618583893e-02,7.3686933086e-01,3.9969739368e-01,428022,46,42,54,-1.1152719293e-07,7.6953087073e-01,5.1030118772e-01,2.7972367314e-02,-3.5481670915e+00,-9.3764551983e-02,-3.7511440225e-01,-4.6887895423e-01,2.7750641885e-05,447024,48,48,48,-3.4384215064e-04,9.9902057271e-01,5.7838360206e-01,5.2380549832e-02,-2.8954176618e+00,-1.3472435505e+00,-7.6457250084e-02,-1.4237008006e+00,3.5658826848e-05,2.7864612888e-02,5.2416208659e-02,7.6458903944e-06,3.3262793043e-04,0,0,0,2.3958248488e-04,3.1921888688e+00,3.1924284512e+00,9.3176175816e-08,2.8572417675e-05,2.8665593851e-05,4.7495061735e-04,2.3958248488e+00
88,8.8000000000e-03,1.0000000000e-04,-9.1330209005e-02,1.3247640320e-01,1.4241976937e+00,2.6218941212e-01,-2.0959961873e-01,2.0959961873e-01,1.3480590461e+00,3.3679921953e-01,1.1826940973e-01,1.1849817898e-01,1.9245008960e-01,1.2779203612e-01,0.0000000000e+00,0.0000000000e+00,0.0000000000e+00,0.0000000000e+00,2.1881118418e-05,3.1739025866e-05,3.4121282242e-04,6.2815990865e-05,2.1881118418e-05,2.3948352709e-05,3.4062103225e-04,3.1804367406e-05,3.5412805683e-04,2.8503423988e-03,4.7338447097e-01,2.7302502030e-02,-7.5920170663e-04,7.5920170663e-04,1.9823313634e-01,1.0114914261e-02,1.1133297635e-03,2.9023738490e-03,3.7754895226e-01,2.7216532488e-02,0.0000000000e+00,0.0000000000e+00,0.0000000000e+00,0.0000000000e+00,-1.6819333921e-11,1.3537718820e-10,2.2483424673e-08,1.2967340194e-09,-1.6819096780e-11,5.7145624754e-10,1.1152284163e-07,5.7299400907e-09,1.0000000000e+00,4.1921888688e+00,2.0679115636e+00,4.1921888688e+00,1.0000000000e+00,1.0000285724e+00,1.0000095586e+00,1.0000285724e+00,3.3238676981e-01,1.4705078158e-01,1.9618019043e+00,nan,6.5892672244e-05,2.9151488069e-05,3.8890949229e-04,nan,3.2741032135e-04,2.3862027359e-05,1.8016205188e-04,4.1920690912e+00,9.9826562740e-01,4.9602248434e+00,2.0788333516e-02,2.4038951493e-02,-5.5286734155e-02,7.3686470209e-01,3.9958696385e-01,391150,42,42,46,-1.1152284163e-07,7.6953075920e-01,5.1018296893e-01,2.8000117956e-02,-3.5471469602e+00,-9.3849038278e-02,-3.7511437419e-01,-4.6896341247e-01,3.2181697001e-05,447024,48,48,48,-3.4062103225e-04,9.9902057495e-01,5.7803975991e-01,5.2416208659e-02,-2.8946994981e+00,-1.3480590461e+00,-7.6138647640e-02,-1.4241976937e+00,4.7851495927e-05,2.7899730454e-02,5.2464060155e-02,6.4900128940e-06,3.3262741975e-04,0,0,0,2.3958248488e-04,3.1921888688e+00,3.1924284512e+00,9.3176175816e-08,2.8572417675e-05,2.8665593851e-05,4.7495061735e-04,2.3958248488e+00
89,8.9000000000e-03,1.0000000000e-04,-9.1338731133e-02,1.3249444103e-01,1.4247646771e+00,2.6226144294e-01,-2.0962523101e-01,2.0962523101e-01,1.3489418655e+00,3.3685876164e-01,1.1828649988e-01,1.1851392051e-01,1.9245008633e-01,1.2780350596e-01,0.0000000000e+00,0.0000000000e+00,0.0000000000e+00,0.0000000000e+00,2.1883160171e-05,3.1743347415e-05,3.4134866171e-04,6.2833248188e-05,2.1883160171e-05,2.3936149222e-05,3.3743826785e-04,3.1731297388e-05,3.5353205269e-04,2.8504865443e-03,4.7348990230e-01,2.7305035692e-02,-7.5979811341e-04,7.5979811341e-04,1.9839989739e-01,1.0123157829e-02,1.1133301661e-03,2.9023744221e-03,3.7754895286e-01,2.7216535544e-02,0.0000000000e+00,0.0000000000e+00,0.0000000000e+00,0.0000000000e+00,-1.6791026668e-11,1.3538403440e-10,2.2488432141e-08,1.2968543559e-09,-1.6791017154e-11,5.7144837609e-10,1.1151818879e-07,5.7297971191e-09,1.0000000000e+00,4.1921888688e+00,2.0679115636e+00,4.1921888688e+00,1.0000000000e+00,1.0000285724e+00,1.0000095586e+00,1.0000285724e+00,3.3232849601e-01,1.4707816731e-01,1.9618019408e+00,nan,6.5881119991e-05,2.9156917042e-05,3.8890949951e-04,nan,3.3048471208e-04,2.3873864204e-05,1.8057241874e-04,4.1920690912e+00,9.8854428245e-01,4.9589134581e+00,4.6301230348e-02,4.9746064674e-02,-4.8321330822e-02,7.3685968923e-01,3.9947710288e-01,391914,42,50,42,-1.1151818879e-07,7.6953064768e-01,5.1006533002e-01,2.8032299653e-02,-3.5459651694e+00,-9.3939891082e-02,-3.7511434613e-01,-4.6905423722e-01,3.6089358244e-05,447024,48,48,48,-3.3743826785e-04,9.9902057720e-01,5.7769913888e-01,5.2464060155e-02,-2.8937365008e+00,-1.3489418655e+00,-7.5822811532e-02,-1.4247646771e+00,5.9915052013e-05,2.7938316452e-02,5.2523975207e-02,5.4631966835e-06,3.3262690908e-04,0,0,0,2.3958248488e-04,3.1921888688e+00,3.1924284512e+00,9.3176175816e-08,2.8572417675e-05,2.8665593851e-05,4.7495061735e-04,2.3958248488e+00
90,9.0000000000e-03,1.0000000000e-04,-9.1351479106e-02,1.3251672436e-01,1.4254007173e+00,2.6234242353e-01,-2.0965505572e-01,2.0965505572e-01,1.3498910040e+00,3.3692701340e-01,1.1830357661e-01,1.1852965678e-01,1.9245007162e-01,1.2781498113e-01,0.0000000000e+00,0.0000000000e+00,0.0000000000e+00,0.0000000000e+00,2.1886214362e-05,3.1748686110e-05,3.4150104579e-04,6.2852649720e-05,2.1886214362e-05,2.3924747186e-05,3.3429215478e-04,3.1659673827e-05,3.5290230961e-04,2.8506382532e-03,4.7360141910e-01,2.7307712939e-02,-7.6042825911e-04,7.6042825911e-04,1.9857526320e-01,1.0131846856e-02,1.1133305687e-03,2.9023749952e-03,3.7754895346e-01,2.7216538601e-02,0.0000000000e+00,0.0000000000e+00,0.0000000000e+00,0.0000000000e+00,-1.6761116981e-11,1.3539123982e-10,2.2493728638e-08,1.2969815119e-09,-1.6761117053e-11,5.7144057110e-10,1.1151327428e-07,5.7296462458e-09,1.0000000000e+00,4.1921888688e+00,2.0679115636e+00,4.1921888688e+00,1.0000000000e+00,1.0000285724e+00,1.0000095586e+00,1.0000285724e+00,3.3225844029e-01,1.4710466446e-01,1.9618020938e+00,nan,6.5867232077e-05,2.9162169862e-05,3.8890952986e-04,nan,3.3358029103e-04,2.3884915759e-05,1.8097616157e-04,4.1920690912e+00,9.7889057413e-01,4.9575273214e+00,7.1746270355e-02,7.5421642528e-02,-4.0860030135e-02,7.3685435105e-01,3.9936780651e-01,501746,54,42,50,-1.1151327428e-07,7.6953053616e-01,5.0994829003e-01,2.8068389012e-02,-3.5446414460e+00,-9.4036300573e-02,-3.7511431808e-01,-4.6915061865e-01,3.9452765633e-05,447024,48,48,48,-3.3429215478e-04,9.9902057945e-01,5.7736170061e-01,5.2523975207e-02,-2.8925318970e+00,-1.3498910040e+00,-7.5509713262e-02,-1.4254007173e+00,7.1793282192e-05,2.7979844891e-02,5.2595768489e-02,4.5569081584e-06,3.3262639842e-04,0,0,0,2.3958248488e-04,3.1921888688e+00,3.1924284512e+00,9.3176175816e-08,2.8572417675e-05,2.8665593851e-05,4.7495061735e-04,2.3958248488e+00
91,9.1000000000e-03,1.0000000000e-04,-9.1368182729e-02,1.3254290080e-01,1.4261043273e+00,2.6243123470e-01,-2.0968882244e-01,2.0968882244e-01,1.3509050016e+00,3.3700303387e-01,1.1832063971e-01,1.1854538767e-01,1.9245007169e-01,1.2782646153e-01,0.0000000000e+00,0.0000000000e+00,0.0000000000e+00,0.0000000000e+00,2.1890216257e-05,3.1754957527e-05,3.4166961844e-04,6.2873927320e-05,2.1890216257e-05,2.3914123493e-05,3.3118119586e-04,3.1589493930e-05,3.5224518552e-04,2.8507966982e-03,4.7371806358e-01,2.7310514954e-02,-7.6108578579e-04,7.6108578579e-04,1.9875752779e-01,1.0140894977e-02,1.1133309713e-03,2.9023755683e-03,3.7754895406e-01,2.7216541657e-02,0.0000000000e+00,0.0000000000e+00,0.0000000000e+00,0.0000000000e+00,-1.6729906832e-11,1.3539876518e-10,2.2499268675e-08,1.2971145937e-09,-1.6729907289e-11,5.7143250960e-10,1.1150813717e-07,5.7294885897e-09,1.0000000000e+00,4.1921888688e+00,2.0679115636e+00,4.1921888688e+00,1.0000000000e+00,1.0000285724e+00,1.0000095586e+00,1.0000285724e+00,3.3217630331e-01,1.4712916715e-01,1.9618020962e+00,nan,6.5850949163e-05,2.9167027298e-05,3.8890953034e-04,nan,3.3669827443e-04,2.3895189375e-05,1.8137323132e-04,4.1920690912e+00,9.6930244300e-01,4.9560782966e+00,9.6922193229e-02,1.0085274951e-01,-3.3033162772e-02,7.3684874773e-01,3.9925906412e-01,391914,42,50,42,-1.1150813717e-07,7.6953042465e-01,5.0983186553e-01,2.8107841777e-02,-3.5431962458e+00,-9.4137427404e-02,-3.7511429002e-01,-4.6925171743e-01,4.2256825471e-05,447024,48,48,48,-3.3118119586e-04,9.9902058169e-01,5.7702740846e-01,5.2595768489e-02,-2.8910901874e+00,-1.3509050016e+00,-7.5199325705e-02,-1.4261043273e+00,8.3429139139e-05,2.8010777038e-02,5.2679197628e-02,3.7629975468e-06,3.3262588778e-04,0,0,0,2.3958248488e-04,3.1921888688e+00,3.1924284512e+00,9.3176175816e-08,2.8572417675e-05,2.8665593851e-05,4.7495061735e-04,2.3958248488e+00
92,9.2000000000e-03,1.0000000000e-04,-9.1388571369e-02,1.3257263033e-01,1.4268735721e+00,2.6252678361e-01,-2.0972626039e-01,2.0972626039e-01,1.3519819491e+00,3.3708590215e-01,1.1833768902e-01,1.1856111316e-01,1.9245008627e-01,1.2783794710e-01,0.0000000000e+00,0.0000000000e+00,0.0000000000e+00,0.0000000000e+00,2.1895101018e-05,3.1762080201e-05,3.4185391601e-04,6.2896819167e-05,2.1895101018e-05,2.3904270140e-05,3.2810409589e-04,3.1520757363e-05,3.5156706553e-04,2.8509609781e-03,4.7383885739e-01,2.7313421933e-02,-7.6176430835e-04,7.6176430835e-04,1.9894496967e-01,1.0150215446e-02,1.1133313739e-03,2.9023761414e-03,3.7754895465e-01,2.7216544714e-02,0.0000000000e+00,0.0000000000e+00,0.0000000000e+00,0.0000000000e+00,-1.6697699481e-11,1.3540656766e-10,2.2505005784e-08,1.2972526609e-09,-1.6697699764e-11,5.7142416899e-10,1.1150281898e-07,5.7293253144e-09,1.0000000000e+00,4.1921888688e+00,2.0679115636e+00,4.1921888688e+00,1.0000000000e+00,1.0000285724e+00,1.0000095586e+00,1.0000285724e+00,3.3208187934e-01,1.4715061085e-01,1.9618019507e+00,nan,6.5832230465e-05,2.9171278317e-05,3.8890950149e-04,nan,3.3983976541e-04,2.3904690068e-05,1.8176356768e-04,4.1920690912e+00,9.5977866722e-01,4.9545785524e+00,1.2154342877e-01,1.2572542847e-01,-2.4960384496e-02,7.3684293894e-01,3.9915083416e-01,464874,50,42,42,-1.1150281898e-07,7.6953031314e-01,5.0971607061e-01,2.8150098603e-02,-3.5416505128e+00,-9.4242413050e-02,-3.7511426197e-01,-4.6935667502e-01,4.4492622147e-05,447024,48,48,48,-3.2810409589e-04,9.9902058394e-01,5.7669622726e-01,5.2679197628e-02,-2.8894171466e+00,-1.3519819491e+00,-7.4891622931e-02,-1.4268735721e+00,9.4765122288e-05,2.8036393522e-02,5.2773962750e-02,3.0738116815e-06,3.3262537716e-04,0,0,0,2.3958248488e-04,3.1921888688e+00,3.1924284512e+00,9.3176175816e-08,2.8572417675e-05,2.8665593851e-05,4.7495061735e-04,2.3958248488e+00
93,9.3000000000e-03,1.0000000000e-04,-9.1412375695e-02,1.3260557843e-01,1.4277060780e+00,2.6262801079e-01,-2.0976710015e-01,2.0976710015e-01,1.3531194980e+00,3.3717472292e-01,1.1835472446e-01,1.1857683324e-01,1.9245008954e-01,1.2784943782e-01,0.0000000000e+00,0.0000000000e+00,0.0000000000e+00,0.0000000000e+00,2.1900804118e-05,3.1769973990e-05,3.4205336986e-04,6.2921071426e-05,2.1900804118e-05,2.3895172921e-05,3.2505975702e-04,3.1453465335e-05,3.5087428248e-04,2.8511301303e-03,4.7396281369e-01,2.7316413338e-02,-7.6245749394e-04,7.6245749394e-04,1.9913587465e-01,1.0159722240e-02,1.1133317764e-03,2.9023767145e-03,3.7754895525e-01,2.7216547770e-02,0.0000000000e+00,0.0000000000e+00,0.0000000000e+00,0.0000000000e+00,-1.6664795708e-11,1.3541460155e-10,2.2510893096e-08,1.2973947379e-09,-1.6664796272e-11,5.7141559647e-10,1.1149736190e-07,5.7291576077e-09,1.0000000000e+00,4.1921888688e+00,2.0679115636e+00,4.1921888688e+00,1.0000000000e+00,1.0000285724e+00,1.0000095586e+00,1.0000285724e+00,3.3197506194e-01,1.4716798845e-01,1.9618019205e+00,nan,6.5811054881e-05,2.9174723270e-05,3.8890949549e-04,nan,3.4300573815e-04,2.3913432155e-05,1.8214710356e-04,4.1920690912e+00,9.5031882642e-01,4.9530403535e+00,1.4525038880e-01,1.4964214421e-01,-1.6748610912e-02,7.3683698285e-01,3.9904307627e-01,391542,42,46,54,-1.1149736190e-07,7.6953020164e-01,5.0960091680e-01,2.8194591225e-02,-3.5400254287e+00,-9.4350390499e-02,-3.7511423392e-01,-4.6946462442e-01,4.6157678488e-05,447024,48,48,48,-3.2505975702e-04,9.9902058619e-01,5.7636812316e-01,5.2773962750e-02,-2.8875198130e+00,-1.3531194980e+00,-7.4586580023e-02,-1.4277060780e+00,1.0574377300e-04,2.8054146479e-02,5.2879706523e-02,2.4822838363e-06,3.3262486655e-04,0,0,0,2.3958248488e-04,3.1921888688e+00,3.1924284512e+00,9.3176175816e-08,2.8572417675e-05,2.8665593851e-05,4.7495061735e-04,2.3958248488e+00
94,9.4000000000e-03,1.0000000000e-04,-9.1439329241e-02,1.3264142259e-01,1.4285990492e+00,2.6273389636e-01,-2.0981107526e-01,2.0981107526e-01,1.3543148763e+00,3.3726863135e-01,1.1837174602e-01,1.1859254796e-01,1.9245008164e-01,1.2786093371e-01,0.0000000000e+00,0.0000000000e+00,0.0000000000e+00,0.0000000000e+00,2.1907261716e-05,3.1778561623e-05,3.4226731012e-04,6.2946439752e-05,2.1907261716e-05,2.3886825681e-05,3.2204727257e-04,3.1387619661e-05,3.5017303966e-04,2.8513031462e-03,4.7408894941e-01,2.7319468177e-02,-7.6315913927e-04,7.6315913927e-04,1.9932855841e-01,1.0169331129e-02,1.1133321789e-03,2.9023772876e-03,3.7754895585e-01,2.7216550827e-02,0.0000000000e+00,0.0000000000e+00,0.0000000000e+00,0.0000000000e+00,-1.6631490137e-11,1.3542281896e-10,2.2516883920e-08,1.2975398276e-09,-1.6631491355e-11,5.7140684060e-10,1.1149180812e-07,5.7289866754e-09,1.0000000000e+00,4.1921888688e+00,2.0679115636e+00,4.1921888688e+00,1.0000000000e+00,1.0000285724e+00,1.0000095586e+00,1.0000285724e+00,3.3185584833e-01,1.4718036543e-01,1.9618020041e+00,nan,6.5787421861e-05,2.9177176895e-05,3.8890951206e-04,nan,3.4619702638e-04,2.3921422136e-05,1.8252377011e-04,4.1920690912e+00,9.4092325808e-01,4.9514759021e+00,1.6754042742e-01,1.7205113680e-01,-8.4910080023e-03,7.3683093717e-01,3.9893574882e-01,391926,42,50,54,-1.1149180812e-07,7.6953009014e-01,5.0948641308e-01,2.8240748903e-02,-3.5383421582e+00,-9.4460494973e-02,-3.7511420587e-01,-4.6957470084e-01,4.7256064678e-05,447024,48,48,48,-3.2204727257e-04,9.9902058844e-01,5.7604306341e-01,5.2879706523e-02,-2.8854064653e+00,-1.3543148763e+00,-7.4284172905e-02,-1.4285990492e+00,1.1630826360e-04,2.8072009066e-02,5.2996014787e-02,1.9819918806e-06,3.3262435596e-04,0,0,0,2.3958248488e-04,3.1921888688e+00,3.1924284512e+00,9.3176175816e-08,2.8572417675e-05,2.8665593851e-05,4.7495061735e-04,2.3958248488e+00
95,9.5000000000e-03,1.0000000000e-04,-9.1469169795e-02,1.3267984549e-01,1.4295492881e+00,2.6284346556e-01,-2.0985792354e-01,2.0985792354e-01,1.3555649100e+00,3.3736679743e-01,1.1838875374e-01,1.1860827885e-01,1.9245006218e-01,1.2787243484e-01,0.0000000000e+00,0.0000000000e+00,0.0000000000e+00,0.0000000000e+00,2.1914410990e-05,3.1787767077e-05,3.4249497071e-04,6.2972690614e-05,2.1914410990e-05,2.3879186197e-05,3.1906591942e-04,3.1323221846e-05,3.4946933718e-04,2.8514789864e-03,4.7421629721e-01,2.7322565286e-02,-7.6386324423e-04,7.6386324423e-04,1.9952138826e-01,1.0178960698e-02,1.1133325814e-03,2.9023778607e-03,3.7754895645e-01,2.7216553883e-02,0.0000000000e+00,0.0000000000e+00,0.0000000000e+00,0.0000000000e+00,-1.6598067744e-11,1.3543117049e-10,2.2522932312e-08,1.2976869250e-09,-1.6598067432e-11,5.7139794824e-10,1.1148619927e-07,5.7288137158e-09,1.0000000000e+00,4.1921888688e+00,2.0679115636e+00,4.1921888688e+00,1.0000000000e+00,1.0000285724e+00,1.0000095586e+00,1.0000285724e+00,3.3172434217e-01,1.4718689366e-01,1.9618022056e+00,nan,6.5761351954e-05,2.9178471058e-05,3.8890955202e-04,nan,3.4941431375e-04,2.3928702742e-05,1.8289350131e-04,4.1920690912e+00,9.3159300632e-01,4.9498971861e+00,1.8782611830e-01,1.9232115862e-01,-2.6690992807e-04,7.3682485690e-01,3.9882880872e-01,391150,42,42,46,-1.1148619927e-07,7.6952997865e-01,5.0937256592e-01,2.8288004968e-02,-3.5366215971e+00,-9.4571874460e-02,-3.7511417782e-01,-4.6968605228e-01,4.7798360535e-05,447024,48,48,48,-3.1906591942e-04,9.9902059069e-01,5.7572101614e-01,5.2996014787e-02,-2.8830865834e+00,-1.3555649100e+00,-7.3984378169e-02,-1.4295492881e+00,1.2640305892e-04,2.8083919222e-02,5.3122417846e-02,1.5671868708e-06,3.3262384539e-04,0,0,0,2.3958248488e-04,3.1921888688e+00,3.1924284512e+00,9.3176175816e-08,2.8572417675e-05,2.8665593851e-05,4.7495061735e-04,2.3958248488e+00
96,9.6000000000e-03,1.0000000000e-04,-9.1501640618e-02,1.3272053520e-01,1.4305532227e+00,2.6295579363e-01,-2.0990738836e-01,2.0990738836e-01,1.3568660498e+00,3.3746842974e-01,1.1840574774e-01,1.1862401336e-01,1.9245007856e-01,1.2788394130e-01,0.0000000000e+00,0.0000000000e+00,0.0000000000e+00,0.0000000000e+00,2.1922190430e-05,3.1797515619e-05,3.4273549586e-04,6.2999602451e-05,2.1922190430e-05,2.3872274112e-05,3.1611514881e-04,3.1260272206e-05,3.4876890346e-04,2.8516565969e-03,4.7434391701e-01,2.7325683628e-02,-7.6456408041e-04,7.6456408041e-04,1.9971280382e-01,1.0188533290e-02,1.1133329839e-03,2.9023784338e-03,3.7754895704e-01,2.7216556940e-02,0.0000000000e+00,0.0000000000e+00,0.0000000000e+00,0.0000000000e+00,-1.6564800601e-11,1.3543960612e-10,2.2528993622e-08,1.2978350308e-09,-1.6564801265e-11,5.7138896897e-10,1.1148057566e-07,5.7286399080e-09,1.0000000000e+00,4.1921888688e+00,2.0679115636e+00,4.1921888688e+00,1.0000000000e+00,1.0000285724e+00,1.0000095586e+00,1.0000285724e+00,3.3158075455e-01,1.4718682352e-01,1.9618020417e+00,nan,6.5732887006e-05,2.9178457153e-05,3.8890951952e-04,nan,3.5265812498e-04,2.3935255028e-05,1.8325623879e-04,4.1920690912e+00,9.2232976343e-01,4.9483158249e+00,2.0532916431e-01,2.0963621415e-01,7.8575784801e-03,7.3681879480e-01,3.9872221448e-01,391154,42,42,50,-1.1148057566e-07,7.6952986716e-01,5.0925937932e-01,2.8335803329e-02,-3.5348841278e+00,-9.4683699784e-02,-3.7511414977e-01,-4.6979784955e-01,4.7801479985e-05,447024,48,48,48,-3.1611514881e-04,9.9902059294e-01,5.7540195022e-01,5.3122417846e-02,-2.8805707949e+00,-1.3568660498e+00,-7.3687172909e-02,-1.4305532227e+00,1.3597462816e-04,2.8095282111e-02,5.3258392474e-02,1.2327881278e-06,3.3262333484e-04,0,0,0,2.3958248488e-04,3.1921888688e+00,3.1924284512e+00,9.3176175816e-08,2.8572417675e-05,2.8665593851e-05,4.7495061735e-04,2.3958248488e+00
97,9.7000000000e-03,1.0000000000e-04,-9.1536491511e-02,1.3276320002e-01,1.4316069390e+00,2.6307000978e-01,-2.0995921969e-01,2.0995921969e-01,1.3582144045e+00,3.3757277854e-01,1.1842272818e-01,1.1863974280e-01,1.9245008884e-01,1.2789545322e-01,0.0000000000e+00,0.0000000000e+00,0.0000000000e+00,0.0000000000e+00,2.1930540094e-05,3.1807737361e-05,3.4298794783e-04,6.3026966640e-05,2.1930540094e-05,2.3866020631e-05,3.1319457570e-04,3.1198769043e-05,3.4807713288e-04,2.8518349261e-03,4.7447090679e-01,2.7328802574e-02,-7.6525625342e-04,7.6525625342e-04,1.9990133598e-01,1.0197975871e-02,1.1133333863e-03,2.9023790069e-03,3.7754895764e-01,2.7216559996e-02,0.0000000000e+00,0.0000000000e+00,0.0000000000e+00,0.0000000000e+00,-1.6531944915e-11,1.3544807587e-10,2.2535025009e-08,1.2979831654e-09,-1.6531945481e-11,5.7137995408e-10,1.1147497636e-07,5.7284663975e-09,1.0000000000e+00,4.1921888688e+00,2.0679115636e+00,4.1921888688e+00,1.0000000000e+00,1.0000285724e+00,1.0000095586e+00,1.0000285724e+00,3.3142540306e-01,1.4717951402e-01,1.9618019400e+00,nan,6.5702089977e-05,2.9177008110e-05,3.8890949937e-04,nan,3.5592882192e-04,2.3941148921e-05,1.8361193640e-04,4.1920690912e+00,9.1313580457e-01,4.9467429619e+00,2.1924904703e-01,2.2318769298e-01,1.5828517612e-02,7.3681280033e-01,3.9861592560e-01,391542,42,46,54,-1.1147497636e-07,7.6952975568e-01,5.0914685488e-01,2.8383604809e-02,-3.5331493884e+00,-9.4795174044e-02,-3.7511412172e-01,-4.6990929576e-01,4.7288369673e-05,447024,48,48,48,-3.1319457570e-04,9.9902059519e-01,5.7508583507e-01,5.3258392474e-02,-2.8778708049e+00,-1.3582144045e+00,-7.3392534566e-02,-1.4316069390e+00,1.4497218490e-04,2.8102578560e-02,5.3403364659e-02,9.7435635264e-07,3.3262282430e-04,0,0,0,2.3958248488e-04,3.1921888688e+00,3.1924284512e+00,9.3176175816e-08,2.8572417675e-05,2.8665593851e-05,4.7495061735e-04,2.3958248488e+00
98,9.8000000000e-03,1.0000000000e-04,-9.1573479732e-02,1.3280756072e-01,1.4327062188e+00,2.6318530059e-01,-2.1001317499e-01,2.1001317499e-01,1.3596057780e+00,3.3767913844e-01,1.1843969526e-01,1.1865546735e-01,1.9245008770e-01,1.2790697076e-01,0.0000000000e+00,0.0000000000e+00,0.0000000000e+00,0.0000000000e+00,2.1939401824e-05,3.1818365409e-05,3.4325131601e-04,6.3054588300e-05,2.1939401824e-05,2.3860411324e-05,3.1030396657e-04,3.1138707918e-05,3.4739903073e-04,2.8520129398e-03,4.7459641245e-01,2.7331902185e-02,-7.6593475797e-04,7.6593475797e-04,2.0008562384e-01,1.0207220784e-02,1.1133337887e-03,2.9023795800e-03,3.7754895824e-01,2.7216563053e-02,0.0000000000e+00,0.0000000000e+00,0.0000000000e+00,0.0000000000e+00,-1.6499738411e-11,1.3545653064e-10,2.2540985908e-08,1.2981303816e-09,-1.6499738984e-11,5.7137095327e-10,1.1146943790e-07,5.7282942815e-09,1.0000000000e+00,4.1921888688e+00,2.0679115636e+00,4.1921888688e+00,1.0000000000e+00,1.0000285724e+00,1.0000095586e+00,1.0000285724e+00,3.3125870902e-01,1.4716444066e-01,1.9618019547e+00,nan,6.5669044391e-05,2.9174019953e-05,3.8890950227e-04,nan,3.5922659686e-04,2.3946399981e-05,1.8396056435e-04,4.1920690912e+00,9.0401391662e-01,4.9451891037e+00,2.2884768012e-01,2.3226997862e-01,2.3602800584e-02,7.3680691973e-01,3.9850990266e-01,391150,42,42,46,-1.1146943790e-07,7.6952964420e-01,5.0903499197e-01,2.8430893178e-02,-3.5314360585e+00,-9.4905541245e-02,-3.7511409367e-01,-4.7001963492e-01,4.6287595776e-05,447024,48,48,48,-3.1030396657e-04,9.9902059744e-01,5.7477264049e-01,5.3403364659e-02,-2.8749993104e+00,-1.3596057780e+00,-7.3100440782e-02,-1.4327062188e+00,1.5334843331e-04,2.8106529652e-02,5.3556713092e-02,7.8802964802e-07,3.3262231379e-04,0,0,0,2.3958248488e-04,3.1921888688e+00,3.1924284512e+00,9.3176175816e-08,2.8572417675e-05,2.8665593851e-05,4.7495061735e-04,2.3958248488e+00
99,9.9000000000e-03,1.0000000000e-04,-9.1612370771e-02,1.3285334936e-01,1.4338465818e+00,2.6330091260e-01,-2.1006902001e-01,2.1006902001e-01,1.3610357126e+00,3.3778685035e-01,1.1845664924e-01,1.1867118728e-01,1.9245007522e-01,1.2791849407e-01,0.0000000000e+00,0.0000000000e+00,0.0000000000e+00,0.0000000000e+00,2.1948719435e-05,3.1829335566e-05,3.4352452702e-04,6.3082286912e-05,2.1948719435e-05,2.3855446304e-05,3.0744322605e-04,3.1080080999e-05,3.4673916597e-04,2.8521896370e-03,4.7471963669e-01,2.7334963466e-02,-7.6659502510e-04,7.6659502510e-04,2.0026442939e-01,1.0216206398e-02,1.1133341911e-03,2.9023801531e-03,3.7754895883e-01,2.7216566109e-02,0.0000000000e+00,0.0000000000e+00,0.0000000000e+00,0.0000000000e+00,-1.6468398094e-11,1.3546492289e-10,2.2546838452e-08,1.2982757773e-09,-1.6468398475e-11,5.7136201530e-10,1.1146399448e-07,5.7281245959e-09,1.0000000000e+00,4.1921888688e+00,2.0679115636e+00,4.1921888688e+00,1.0000000000e+00,1.0000285724e+00,1.0000095586e+00,1.0000285724e+00,3.3108119286e-01,1.4714120102e-01,1.9618020850e+00,nan,6.5633853418e-05,2.9169412905e-05,3.8890952811e-04,nan,3.6255147303e-04,2.3951009259e-05,1.8430211286e-04,4.1920690912e+00,8.9496732220e-01,4.9436640404e+00,2.3492219110e-01,2.3791227866e-01,3.1146704326e-02,7.3680119501e-01,3.9840410827e-01,391154,42,42,50,-1.1146399448e-07,7.6952953274e-01,5.0892378778e-01,2.8477180774e-02,-3.5297616652e+00,-9.5014093993e-02,-3.7511406563e-01,-4.7012815962e-01,4.4832834273e-05,447024,48,48,48,-3.0744322605e-04,9.9902059969e-01,5.7446233652e-01,5.3556713092e-02,-2.8719698999e+00,-1.3610357126e+00,-7.2810869257e-02,-1.4338465818e+00,1.6106029923e-04,2.8110586947e-02,5.3717773391e-02,6.7044801029e-07,3.3262180329e-04,0,0,0,2.3958248488e-04,3.1921888688e+00,3.1924284512e+00,9.3176175816e-08,2.8572417675e-05,2.8665593851e-05,4.7495061735e-04,2.3958248488e+00
100,1.0000000000e-02,1.0000000000e-04,-9.1652939002e-02,1.3290030817e-01,1.4350233322e+00,2.6341615418e-01,-2.1012652943e-01,2.1012652943e-01,1.3624995346e+00,3.3789530305e-01,1.1847359042e-01,1.1868690283e-01,1.9245006668e-01,1.2793002337e-01,0.0000000000e+00,0.0000000000e+00,0.0000000000e+00,0.0000000000e+00,2.1958438873e-05,3.1840586073e-05,3.4380645579e-04,6.3109896776e-05,2.1958438873e-05,2.3851137240e-05,3.0461238238e-04,3.1022876539e-05,3.4610163248e-04,2.8523640640e-03,4.7483984667e-01,2.7337968605e-02,-7.6723296094e-04,7.6723296094e-04,2.0043664955e-01,1.0224877636e-02,1.1133345934e-03,2.9023807262e-03,3.7754895943e-01,2.7216569166e-02,0.0000000000e+00,0.0000000000e+00,0.0000000000e+00,0.0000000000e+00,-1.6438118401e-11,1.3547320731e-10,2.2552547832e-08,1.2984185066e-09,-1.6438119306e-11,5.7135318637e-10,1.1145867806e-07,5.7279582999e-09,1.0000000000e+00,4.1921888688e+00,2.0679115636e+00,4.1921888688e+00,1.0000000000e+00,1.0000285724e+00,1.0000095586e+00,1.0000285724e+00,3.3089346773e-01,1.4710951781e-01,1.9618021752e+00,nan,6.5596638608e-05,2.9163131995e-05,3.8890954599e-04,nan,3.6590330700e-04,2.3954966198e-05,1.8463659528e-04,4.1920690912e+00,8.8599960019e-01,4.9421767729e+00,2.3728814355e-01,2.4006603571e-01,3.8434436557e-02,7.3679566338e-01,3.9829850705e-01,466026,50,54,42,-1.1145867806e-07,7.6952942127e-01,5.0881323755e-01,2.8522013608e-02,-3.5281424127e+00,-9.5120180178e-02,-3.7511403758e-01,-4.7023421776e-01,4.2962280308e-05,447024,48,48,48,-3.0461238238e-04,9.9902060195e-01,5.7415489330e-01,5.3717773391e-02,-2.8687969390e+00,-1.3624995346e+00,-7.2523797630e-02,-1.4350233322e+00,1.6806962649e-04,2.8118346025e-02,5.3885843018e-02,6.1865130560e-07,3.3262129281e-04,0,0,0,2.3958248488e-04,3.1921888688e+00,3.1924284512e+00,9.3176175816e-08,2.8572417675e-05,2.8665593851e-05,4.7495061735e-04,2.3958248488e+00
